0.000000 -105.693600 -136.137300 118.961000
 0.010000 -91.813650 -146.390250 119.013000
 0.020000 -76.940250 -155.227500 119.065000
 0.030000 -61.217400 -162.555000 119.117000
 0.040000 -44.799000 -168.289500 119.168000
 0.050000 -27.846000 -172.365000 119.220000
 0.060000 -10.526160 -174.733500 119.272000
 0.070000 6.988560 -175.360500 119.323000
 0.080000 24.523200 -174.232500 119.374000
 0.090000 41.901900 -171.351000 119.425000
 0.100000 58.949100 -166.735500 119.476000
 0.110000 75.492000 -160.425000 119.527000
 0.120000 91.362000 -152.473500 119.578000
 0.130000 106.396200 -142.951350 119.628000
 0.140000 120.439350 -131.947650 119.679000
 0.150000 133.345500 -119.565000 119.729000
 0.160000 144.979200 -105.920850 119.779000
 0.170000 155.217000 -91.145850 119.829000
 0.180000 163.950000 -75.382500 119.879000
 0.190000 171.082500 -58.784550 119.929000
 0.200000 176.535000 -41.514150 119.979000
 0.210000 180.243000 -23.741400 120.028000
 0.220000 182.163000 -5.642460 120.078000
 0.230000 182.265000 12.602700 120.127000
 0.240000 180.540000 30.811500 120.176000
 0.250000 176.995500 48.801150 120.225000
 0.260000 171.658500 66.389700 120.274000
 0.270000 164.575500 83.398800 120.323000
 0.280000 155.806500 99.654600 120.372000
 0.290000 145.431600 114.990600 120.420000
 0.300000 133.548450 129.247950 120.469000
 0.310000 120.268500 142.278450 120.517000
 0.320000 105.718350 153.945000 120.566000
 0.330000 90.037650 164.125500 120.614000
 0.340000 73.378650 172.708500 120.662000
 0.350000 55.903800 179.601000 120.710000
 0.360000 37.784550 184.725000 120.757000
 0.370000 19.199700 188.022000 120.805000
 0.380000 0.333668 189.450000 120.853000
 0.390000 -18.625500 188.985000 120.900000
 0.400000 -37.488150 186.622500 120.947000
 0.410000 -56.064150 182.377500 120.995000
 0.420000 -74.165850 176.284500 121.042000
 0.430000 -91.609500 168.394500 121.089000
 0.440000 -108.216600 158.779500 121.136000
 0.450000 -123.816750 147.526950 121.182000
 0.460000 -138.248550 134.742900 121.229000
 0.470000 -151.362000 120.548250 121.276000
 0.480000 -163.018500 105.078900 121.322000
 0.490000 -173.095500 88.484100 121.369000
 0.500000 -181.483500 70.925100 121.415000
 0.510000 -188.091000 52.573950 121.461000
 0.520000 -192.843000 33.610800 121.507000
 0.530000 -195.684000 14.223300 121.553000
 0.540000 -196.576500 -5.395875 121.599000
 0.550000 -195.501000 -25.050900 121.644000
 0.560000 -192.462000 -44.544900 121.690000
 0.570000 -187.480500 -63.681300 121.735000
 0.580000 -180.595500 -82.266450 121.781000
 0.590000 -171.868500 -100.111350 121.826000
 0.600000 -161.380500 -117.033600 121.871000
 0.610000 -149.226150 -132.859350 121.916000
 0.620000 -135.521400 -147.424650 121.961000
 0.630000 -120.396300 -160.578000 122.006000
 0.640000 -103.996500 -172.180500 122.051000
 0.650000 -86.480700 -182.109000 122.096000
 0.660000 -68.019600 -190.257000 122.140000
 0.670000 -48.794250 -196.533000 122.185000
 0.680000 -28.994100 -200.868000 122.229000
 0.690000 -8.815425 -203.209500 122.274000
 0.700000 11.541135 -203.523000 122.318000
 0.710000 31.872150 -201.798000 122.362000
 0.720000 51.973350 -198.043500 122.406000
 0.730000 71.642100 -192.288000 122.450000
 0.740000 90.679350 -184.578000 122.494000
 0.750000 108.891150 -174.985500 122.537000
 0.760000 126.091350 -163.596000 122.581000
 0.770000 142.102650 -150.519000 122.625000
 0.780000 156.759000 -135.874650 122.668000
 0.790000 169.909500 -119.805300 122.711000
 0.800000 181.413000 -102.465450 122.755000
 0.810000 191.148000 -84.023700 122.798000
 0.820000 199.009500 -64.660050 122.841000
 0.830000 204.910500 -44.564850 122.884000
 0.840000 208.782000 -23.936550 122.927000
 0.850000 210.579000 -2.979930 122.969000
 0.860000 210.273000 18.096300 123.012000
 0.870000 207.858000 39.081300 123.055000
 0.880000 203.349000 59.764200 123.097000
 0.890000 196.783500 79.936050 123.140000
 0.900000 188.218500 99.392400 123.182000
 0.910000 177.730500 117.935250 123.224000
 0.920000 165.417000 135.374400 123.266000
 0.930000 151.393500 151.530000 123.308000
 0.940000 135.794400 166.236000 123.350000
 0.950000 118.768500 179.338500 123.392000
 0.960000 100.480950 190.696500 123.434000
 0.970000 81.110100 200.193000 123.476000
 0.980000 60.845400 207.721500 123.517000
 0.990000 39.886650 213.201000 123.559000
 1.000000 18.441000 216.567000 123.600000
 1.010000 -3.278520 217.776000 123.642000
 1.020000 -25.055100 216.807000 123.683000
 1.030000 -46.670550 213.661500 123.724000
 1.040000 -67.907400 208.363500 123.765000
 1.050000 -88.551300 200.955000 123.806000
 1.060000 -108.392550 191.502000 123.847000
 1.070000 -127.228950 180.091500 123.888000
 1.080000 -144.867600 166.830000 123.929000
 1.090000 -161.127000 151.842000 123.970000
 1.100000 -175.837500 135.272700 124.010000
 1.110000 -188.845500 117.279750 124.051000
 1.120000 -200.014500 98.038800 124.091000
 1.130000 -209.224500 77.737650 124.132000
 1.140000 -216.376500 56.575500 124.172000
 1.150000 -221.388000 34.761000 124.212000
 1.160000 -224.200500 12.510585 124.252000
 1.170000 -224.779500 -9.954600 124.292000
 1.180000 -223.108500 -32.410050 124.332000
 1.190000 -219.195000 -54.630600 124.372000
 1.200000 -213.069000 -76.392600 124.412000
 1.210000 -204.784500 -97.475700 124.452000
 1.220000 -194.415000 -117.666150 124.491000
 1.230000 -182.056500 -136.757700 124.531000
 1.240000 -167.824500 -154.554000 124.570000
 1.250000 -151.855500 -170.874000 124.610000
 1.260000 -134.302350 -185.544000 124.649000
 1.270000 -115.333950 -198.414000 124.688000
 1.280000 -95.135550 -209.347500 124.727000
 1.290000 -73.904700 -218.224500 124.766000
 1.300000 -51.850350 -224.952000 124.806000
 1.310000 -29.190450 -229.450500 124.844000
 1.320000 -6.149745 -231.669000 124.883000
 1.330000 17.042250 -231.573000 124.922000
 1.340000 40.153650 -229.158000 124.961000
 1.350000 62.952150 -224.439000 125.000000
 1.360000 85.208400 -217.452000 125.038000
 1.370000 106.696800 -208.258500 125.077000
 1.380000 127.199100 -196.944000 125.115000
 1.390000 146.505900 -183.613500 125.153000
 1.400000 164.419500 -168.393000 125.192000
 1.410000 180.754500 -151.425000 125.230000
 1.420000 195.340500 -132.876750 125.268000
 1.430000 208.026000 -112.926150 125.306000
 1.440000 218.674500 -91.768200 125.344000
 1.450000 227.173500 -69.610500 125.382000
 1.460000 233.430000 -46.671450 125.420000
 1.470000 237.370500 -23.177850 125.458000
 1.480000 238.948500 0.636675 125.495000
 1.490000 238.140000 24.534750 125.533000
 1.500000 234.940500 48.277050 125.570000
 1.510000 229.377000 71.625000 125.608000
 1.520000 221.494500 94.342950 125.645000
 1.530000 211.363500 116.201100 125.683000
 1.540000 199.078500 136.976850 125.720000
 1.550000 184.752000 156.457500 125.757000
 1.560000 168.522000 174.444000 125.794000
 1.570000 150.543000 190.750500 125.831000
 1.580000 130.990350 205.206000 125.868000
 1.590000 110.052600 217.659000 125.905000
 1.600000 87.934950 227.979000 125.942000
 1.610000 64.855050 236.052000 125.979000
 1.620000 41.040300 241.792500 126.016000
 1.630000 16.727100 245.130000 126.052000
 1.640000 -7.843020 246.025500 126.089000
 1.650000 -32.424450 244.459500 126.126000
 1.660000 -56.771100 240.438000 126.162000
 1.670000 -80.637900 233.995500 126.198000
 1.680000 -103.783950 225.184500 126.235000
 1.690000 -125.974650 214.086000 126.271000
 1.700000 -146.984100 200.803500 126.307000
 1.710000 -166.597500 185.461500 126.343000
 1.720000 -184.612500 168.205500 126.379000
 1.730000 -200.844000 149.203050 126.415000
 1.740000 -215.122500 128.637750 126.451000
 1.750000 -227.298000 106.709850 126.487000
 1.760000 -237.240000 83.634450 126.523000
 1.770000 -244.840500 59.638650 126.559000
 1.780000 -250.017000 34.959750 126.594000
 1.790000 -252.708000 9.842445 126.630000
 1.800000 -252.877500 -15.462900 126.666000
 1.810000 -250.515000 -40.703550 126.701000
 1.820000 -245.634000 -65.626050 126.737000
 1.830000 -238.276500 -89.979750 126.772000
 1.840000 -228.507000 -113.518350 126.807000
 1.850000 -216.412500 -136.003200 126.842000
 1.860000 -202.108500 -157.206000 126.878000
 1.870000 -185.731500 -176.907000 126.913000
 1.880000 -167.434500 -194.907000 126.948000
 1.890000 -147.397950 -211.018500 126.983000
 1.900000 -125.814450 -225.072000 127.018000
 1.910000 -102.895500 -236.920500 127.053000
 1.920000 -78.866100 -246.438000 127.087000
 1.930000 -53.962950 -253.521000 127.122000
 1.940000 -28.432800 -258.088500 127.157000
 1.950000 -2.529300 -260.088000 127.191000
 1.960000 23.489400 -259.489500 127.226000
 1.970000 49.362750 -256.290000 127.261000
 1.980000 74.831250 -250.512000 127.295000
 1.990000 99.638100 -242.206500 127.329000
 2.000000 123.532500 -231.445500 127.364000
 2.010000 146.271900 -218.331000 127.398000
 2.020000 167.625000 -202.984500 127.432000
 2.030000 187.371000 -185.553000 127.466000
 2.040000 205.309500 -166.203000 127.500000
 2.050000 221.253000 -145.122450 127.535000
 2.060000 235.033500 -122.517000 127.569000
 2.070000 246.508500 -98.607750 127.602000
 2.080000 255.555000 -73.629900 127.636000
 2.090000 262.071000 -47.830050 127.670000
 2.100000 265.986000 -21.463800 127.704000
 2.110000 267.249000 5.206455 127.738000
 2.120000 265.840500 31.914450 127.771000
 2.130000 261.766500 58.392900 127.805000
 2.140000 255.055500 84.375450 127.838000
 2.150000 245.769000 109.600350 127.872000
 2.160000 233.991000 133.812150 127.905000
 2.170000 219.829500 156.765000 127.939000
 2.180000 203.418000 178.224000 127.972000
 2.190000 184.917000 197.971500 128.005000
 2.200000 164.502000 215.800500 128.038000
 2.210000 142.371450 231.529500 128.071000
 2.220000 118.742100 244.990500 128.105000
 2.230000 93.845550 256.044000 128.138000
 2.240000 67.926900 264.568500 128.171000
 2.250000 41.242500 270.474000 128.203000
 2.260000 14.057295 273.688500 128.236000
 2.270000 -13.358160 274.174500 128.269000
 2.280000 -40.729950 271.917000 128.302000
 2.290000 -67.783500 266.928000 128.335000
 2.300000 -94.246950 259.251000 128.367000
 2.310000 -119.853150 248.952000 128.400000
 2.320000 -144.342750 236.127000 128.432000
 2.330000 -167.467500 220.894500 128.465000
 2.340000 -188.989500 203.403000 128.497000
 2.350000 -208.689000 183.816000 128.530000
 2.360000 -226.363500 162.325500 128.562000
 2.370000 -241.828500 139.140900 128.594000
 2.380000 -254.922000 114.487650 128.627000
 2.390000 -265.504500 88.608450 128.659000
 2.400000 -273.463500 61.758750 128.691000
 2.410000 -278.709000 34.204350 128.723000
 2.420000 -281.181000 6.218910 128.755000
 2.430000 -280.846500 -21.918450 128.787000
 2.440000 -277.698000 -49.926450 128.819000
 2.450000 -271.758000 -77.523900 128.851000
 2.460000 -263.080500 -104.433300 128.883000
 2.470000 -251.739000 -130.382700 128.914000
 2.480000 -237.841500 -155.109000 128.946000
 2.490000 -221.518500 -178.360500 128.978000
 2.500000 -202.926000 -199.900500 129.009000
 2.510000 -182.244000 -219.507000 129.041000
 2.520000 -159.670500 -236.977500 129.072000
 2.530000 -135.427350 -252.130500 129.104000
 2.540000 -109.752000 -264.807000 129.135000
 2.550000 -82.897050 -274.872000 129.167000
 2.560000 -55.127850 -282.216000 129.198000
 2.570000 -26.719500 -286.758000 129.229000
 2.580000 2.045145 -288.442500 129.261000
 2.590000 30.879300 -287.245500 129.292000
 2.600000 59.494200 -283.167000 129.323000
 2.610000 87.602550 -276.243000 129.354000
 2.620000 114.921300 -266.530500 129.385000
 2.630000 141.174300 -254.118000 129.416000
 2.640000 166.095000 -239.125500 129.447000
 2.650000 189.430500 -221.691000 129.478000
 2.660000 210.940500 -201.982500 129.509000
 2.670000 230.406000 -180.192000 129.539000
 2.680000 247.624500 -156.529500 129.570000
 2.690000 262.417500 -131.227800 129.601000
 2.700000 274.627500 -104.534250 129.632000
 2.710000 284.125500 -76.712400 129.662000
 2.720000 290.809500 -48.037200 129.693000
 2.730000 294.601500 -18.793350 129.723000
 2.740000 295.455000 10.727925 129.754000
 2.750000 293.353500 40.231800 129.784000
 2.760000 288.309000 69.422700 129.814000
 2.770000 280.363500 98.007300 129.845000
 2.780000 269.586000 125.697450 129.875000
 2.790000 256.077000 152.212500 129.905000
 2.800000 239.964000 177.285000 129.935000
 2.810000 221.400000 200.658000 129.966000
 2.820000 200.562000 222.093000 129.996000
 2.830000 177.655500 241.368000 130.026000
 2.840000 152.901000 258.285000 130.056000
 2.850000 126.540300 272.668500 130.086000
 2.860000 98.834550 284.364000 130.116000
 2.870000 70.056300 293.248500 130.146000
 2.880000 40.490700 299.223000 130.175000
 2.890000 10.431480 302.220000 130.205000
 2.900000 -19.821750 302.200500 130.235000
 2.910000 -49.966650 299.155500 130.265000
 2.920000 -79.700850 293.107500 130.294000
 2.930000 -108.725400 284.106000 130.324000
 2.940000 -136.747500 272.235000 130.353000
 2.950000 -163.483500 257.602500 130.383000
 2.960000 -188.662500 240.348000 130.412000
 2.970000 -212.026500 220.638000 130.442000
 2.980000 -233.337000 198.660000 130.471000
 2.990000 -252.373500 174.628500 130.501000
 3.000000 -268.941000 148.778550 130.530000
 3.010000 -282.864000 121.363500 130.559000
 3.020000 -293.995500 92.653200 130.588000
 3.030000 -302.217000 62.931450 130.618000
 3.040000 -307.437000 32.493000 130.647000
 3.050000 -309.595500 1.640505 130.676000
 3.060000 -308.661000 -29.318250 130.705000
 3.070000 -304.633500 -60.073500 130.734000
 3.080000 -297.544500 -90.316650 130.763000
 3.090000 -287.457000 -119.743350 130.792000
 3.100000 -274.462500 -148.056600 130.821000
 3.110000 -258.682500 -174.969000 130.849000
 3.120000 -240.268500 -200.209500 130.878000
 3.130000 -219.396000 -223.516500 130.907000
 3.140000 -196.267500 -244.654500 130.936000
 3.150000 -171.106500 -263.403000 130.964000
 3.160000 -144.162000 -279.570000 130.993000
 3.170000 -115.696800 -292.983000 131.022000
 3.180000 -85.991850 -303.502500 131.050000
 3.190000 -55.341450 -311.014500 131.079000
 3.200000 -24.049500 -315.435000 131.107000
 3.210000 7.572345 -316.710000 131.136000
 3.220000 39.208350 -314.818500 131.164000
 3.230000 70.541700 -309.769500 131.192000
 3.240000 101.257800 -301.606500 131.221000
 3.250000 131.047500 -290.400000 131.249000
 3.260000 159.609000 -276.256500 131.277000
 3.270000 186.654000 -259.308000 131.305000
 3.280000 211.908000 -239.715000 131.333000
 3.290000 235.111500 -217.668000 131.362000
 3.300000 256.026000 -193.378500 131.390000
 3.310000 274.437000 -167.086500 131.418000
 3.320000 290.152500 -139.048950 131.446000
 3.330000 303.007500 -109.540350 131.474000
 3.340000 312.865500 -78.852750 131.502000
 3.350000 319.620000 -47.290200 131.529000
 3.360000 323.194500 -15.166200 131.557000
 3.370000 323.542500 17.199150 131.585000
 3.380000 320.655000 49.482150 131.613000
 3.390000 314.548500 81.359700 131.641000
 3.400000 305.277000 112.511250 131.668000
 3.410000 292.923000 142.623000 131.696000
 3.420000 277.605000 171.390000 131.723000
 3.430000 259.464000 198.522000 131.751000
 3.440000 238.677000 223.741500 131.779000
 3.450000 215.445000 246.790500 131.806000
 3.460000 189.990000 267.433500 131.833000
 3.470000 162.565500 285.456000 131.861000
 3.480000 133.437900 300.670500 131.888000
 3.490000 102.894900 312.916500 131.916000
 3.500000 71.238600 322.065000 131.943000
 3.510000 38.782650 328.015500 131.970000
 3.520000 5.849925 330.699000 131.997000
 3.530000 -27.231000 330.078000 132.025000
 3.540000 -60.129450 326.154000 132.052000
 3.550000 -92.515500 318.954000 132.079000
 3.560000 -124.063350 308.541000 132.106000
 3.570000 -154.455000 295.012500 132.133000
 3.580000 -183.382500 278.494500 132.160000
 3.590000 -210.553500 259.146000 132.187000
 3.600000 -235.690500 237.150000 132.214000
 3.610000 -258.535500 212.721000 132.241000
 3.620000 -278.856000 186.097500 132.268000
 3.630000 -296.439000 157.540500 132.295000
 3.640000 -311.101500 127.328850 132.321000
 3.650000 -322.690500 95.762400 132.348000
 3.660000 -331.080000 63.153150 132.375000
 3.670000 -336.180000 29.824500 132.401000
 3.680000 -337.927500 -3.891705 132.428000
 3.690000 -336.298500 -37.658850 132.455000
 3.700000 -331.299000 -71.139000 132.481000
 3.710000 -322.969500 -103.996050 132.508000
 3.720000 -311.386500 -135.899700 132.534000
 3.730000 -296.655000 -166.528500 132.561000
 3.740000 -278.917500 -195.570000 132.587000
 3.750000 -258.340500 -222.732000 132.614000
 3.760000 -235.123500 -247.737000 132.640000
 3.770000 -209.491500 -270.328500 132.666000
 3.780000 -181.696500 -290.274000 132.693000
 3.790000 -152.008500 -307.366500 132.719000
 3.800000 -120.722100 -321.427500 132.745000
 3.810000 -88.145250 -332.308500 132.771000
 3.820000 -54.600750 -339.892500 132.798000
 3.830000 -20.422050 -344.094000 132.824000
 3.840000 14.050470 -344.863500 132.850000
 3.850000 48.472350 -342.184500 132.876000
 3.860000 82.498800 -336.072000 132.902000
 3.870000 115.788300 -326.581500 132.928000
 3.880000 148.005600 -313.797000 132.954000
 3.890000 178.825500 -297.840000 132.980000
 3.900000 207.934500 -278.859000 133.006000
 3.910000 235.039500 -257.040000 133.031000
 3.920000 259.861500 -232.590000 133.057000
 3.930000 282.147000 -205.750500 133.083000
 3.940000 301.666500 -176.782500 133.109000
 3.950000 318.217500 -145.970850 133.135000
 3.960000 331.626000 -113.618700 133.160000
 3.970000 341.751000 -80.046300 133.186000
 3.980000 348.481500 -45.586650 133.212000
 3.990000 351.741000 -10.582410 133.237000
 4.000000 351.489000 24.617400 133.263000
 4.010000 347.719500 59.660850 133.288000
 4.020000 340.459500 94.196700 133.314000
 4.030000 329.773500 127.878000 133.339000
 4.040000 315.760500 160.365000 133.365000
 4.050000 298.552500 191.331000 133.390000
 4.060000 278.313000 220.459500 133.415000
 4.070000 255.235500 247.456500 133.441000
 4.080000 229.546500 272.046000 133.466000
 4.090000 201.495000 293.974500 133.491000
 4.100000 171.357000 313.015500 133.516000
 4.110000 139.426500 328.974000 133.542000
 4.120000 106.020750 341.679000 133.567000
 4.130000 71.469900 350.997000 133.592000
 4.140000 36.116850 356.827500 133.617000
 4.150000 0.313524 359.100000 133.642000
 4.160000 -35.582700 357.784500 133.667000
 4.170000 -71.212950 352.887000 133.692000
 4.180000 -106.219500 344.443500 133.717000
 4.190000 -140.250750 332.533500 133.742000
 4.200000 -172.963500 317.265000 133.767000
 4.210000 -204.027000 298.785000 133.792000
 4.220000 -233.125500 277.267500 133.817000
 4.230000 -259.965000 252.922500 133.842000
 4.240000 -284.268000 225.985500 133.866000
 4.250000 -305.787000 196.720500 133.891000
 4.260000 -324.300000 165.415500 133.916000
 4.270000 -339.613500 132.375900 133.941000
 4.280000 -351.565500 97.930650 133.965000
 4.290000 -360.028500 62.420400 133.990000
 4.300000 -364.911000 26.197800 134.015000
 4.310000 -366.153000 -10.376100 134.039000
 4.320000 -363.733500 -46.936200 134.064000
 4.330000 -357.669000 -83.116350 134.088000
 4.340000 -348.010500 -118.553550 134.113000
 4.350000 -334.846500 -152.892000 134.137000
 4.360000 -318.298500 -185.782500 134.162000
 4.370000 -298.524000 -216.897000 134.186000
 4.380000 -275.715000 -245.914500 134.210000
 4.390000 -250.092000 -272.544000 134.235000
 4.400000 -221.902500 -296.509500 134.259000
 4.410000 -191.425500 -317.568000 134.283000
 4.420000 -158.958000 -335.497500 134.308000
 4.430000 -124.820850 -350.115000 134.332000
 4.440000 -89.352150 -361.264500 134.356000
 4.450000 -52.903350 -368.824500 134.380000
 4.460000 -15.837150 -372.714000 134.404000
 4.470000 21.477150 -372.882000 134.429000
 4.480000 58.666650 -369.319500 134.453000
 4.490000 95.358450 -362.052000 134.477000
 4.500000 131.184600 -351.145500 134.501000
 4.510000 165.784500 -336.699000 134.525000
 4.520000 198.807000 -318.847500 134.549000
 4.530000 229.921500 -297.763500 134.573000
 4.540000 258.808500 -273.648000 134.596000
 4.550000 285.175500 -246.738000 134.620000
 4.560000 308.751000 -217.294500 134.644000
 4.570000 329.293500 -185.605500 134.668000
 4.580000 346.590000 -151.984500 134.692000
 4.590000 360.460500 -116.763150 134.716000
 4.600000 370.756500 -80.289150 134.739000
 4.610000 377.367000 -42.925050 134.763000
 4.620000 380.217000 -5.042745 134.787000
 4.630000 379.269000 32.979750 134.810000
 4.640000 374.523000 70.762200 134.834000
 4.650000 366.019500 107.925900 134.858000
 4.660000 353.833500 144.097500 134.881000
 4.670000 338.077500 178.912500 134.905000
 4.680000 318.901500 212.019000 134.928000
 4.690000 296.490000 243.082500 134.952000
 4.700000 271.059000 271.786500 134.975000
 4.710000 242.856000 297.838500 134.999000
 4.720000 212.157000 320.970000 135.022000
 4.730000 179.262000 340.945500 135.045000
 4.740000 144.497700 357.556500 135.069000
 4.750000 108.205950 370.627500 135.092000
 4.760000 70.746750 380.020500 135.115000
 4.770000 32.492250 385.633500 135.139000
 4.780000 -6.176310 387.400500 135.162000
 4.790000 -44.873100 385.296000 135.185000
 4.800000 -83.210700 379.330500 135.208000
 4.810000 -120.804600 369.556500 135.231000
 4.820000 -157.276500 356.061000 135.255000
 4.830000 -192.259500 338.971500 135.278000
 4.840000 -225.400500 318.451500 135.301000
 4.850000 -256.362000 294.697500 135.324000
 4.860000 -284.829000 267.940500 135.347000
 4.870000 -310.513500 238.440000 135.370000
 4.880000 -333.148500 206.487000 135.393000
 4.890000 -352.503000 172.393500 135.416000
 4.900000 -368.374500 136.497300 135.439000
 4.910000 -380.596500 99.152850 135.462000
 4.920000 -389.038500 60.730650 135.484000
 4.930000 -393.607500 21.612900 135.507000
 4.940000 -394.248000 -17.810550 135.530000
 4.950000 -390.945000 -57.145800 135.553000
 4.960000 -383.724000 -95.998950 135.576000
 4.970000 -372.646500 -133.980000 135.598000
 4.980000 -357.814500 -170.707500 135.621000
 4.990000 -339.370500 -205.809000 135.644000
 5.000000 -317.487000 -238.932000 135.667000
 5.010000 -292.378500 -269.739000 135.689000
 5.020000 -264.288000 -297.918000 135.712000
 5.030000 -233.488500 -323.179500 135.734000
 5.040000 -200.284500 -345.264000 135.757000
 5.050000 -165.000000 -363.943500 135.779000
 5.060000 -127.986300 -379.024500 135.802000
 5.070000 -89.608200 -390.346500 135.824000
 5.080000 -50.247300 -397.789500 135.847000
 5.090000 -10.295205 -401.268000 135.869000
 5.100000 29.849550 -400.740000 135.892000
 5.110000 69.785700 -396.201000 135.914000
 5.120000 109.113150 -387.688500 135.936000
 5.130000 147.436800 -375.276000 135.959000
 5.140000 184.371000 -359.083500 135.981000
 5.150000 219.543000 -339.261000 136.003000
 5.160000 252.597000 -315.999000 136.026000
 5.170000 283.197000 -289.525500 136.048000
 5.180000 311.031000 -260.094000 136.070000
 5.190000 335.815500 -227.997000 136.092000
 5.200000 357.295500 -193.546500 136.114000
 5.210000 375.247500 -157.083000 136.137000
 5.220000 389.485500 -118.967700 136.159000
 5.230000 399.858000 -79.577400 136.181000
 5.240000 406.252500 -39.304050 136.203000
 5.250000 408.597000 1.451601 136.225000
 5.260000 406.858500 42.282600 136.247000
 5.270000 401.046000 82.780350 136.269000
 5.280000 391.207500 122.539050 136.291000
 5.290000 377.433000 161.158500 136.313000
 5.300000 359.853000 198.252000 136.335000
 5.310000 338.634000 233.442000 136.357000
 5.320000 313.980000 266.374500 136.378000
 5.330000 286.129500 296.712000 136.400000
 5.340000 255.357000 324.148500 136.422000
 5.350000 221.962500 348.402000 136.444000
 5.360000 186.274500 369.223500 136.466000
 5.370000 148.644300 386.394000 136.487000
 5.380000 109.445400 399.738000 136.509000
 5.390000 69.066450 409.111500 136.531000
 5.400000 27.908700 414.411000 136.553000
 5.410000 -13.617630 415.576500 136.574000
 5.420000 -55.097700 412.587000 136.596000
 5.430000 -96.116250 405.463500 136.617000
 5.440000 -136.261800 394.267500 136.639000
 5.450000 -175.131000 379.102500 136.661000
 5.460000 -212.331000 360.112500 136.682000
 5.470000 -247.488000 337.479000 136.704000
 5.480000 -280.245000 311.419500 136.725000
 5.490000 -310.267500 282.189000 136.747000
 5.500000 -337.251000 250.072500 136.768000
 5.510000 -360.918000 215.385000 136.790000
 5.520000 -381.025500 178.467000 136.811000
 5.530000 -397.363500 139.686150 136.832000
 5.540000 -409.761000 99.424350 136.854000
 5.550000 -418.084500 58.081800 136.875000
 5.560000 -422.244000 16.069950 136.896000
 5.570000 -422.188500 -26.192250 136.918000
 5.580000 -417.909000 -68.282550 136.939000
 5.590000 -409.438500 -109.779150 136.960000
 5.600000 -396.853500 -150.265500 136.981000
 5.610000 -380.272500 -189.334500 137.003000
 5.620000 -359.851500 -226.593000 137.024000
 5.630000 -335.787000 -261.663000 137.045000
 5.640000 -308.313000 -294.189000 137.066000
 5.650000 -277.695000 -323.841000 137.087000
 5.660000 -244.236000 -350.314500 137.108000
 5.670000 -208.261500 -373.341000 137.129000
 5.680000 -170.128500 -392.680500 137.150000
 5.690000 -130.212300 -408.132000 137.171000
 5.700000 -88.909950 -419.532000 137.192000
 5.710000 -46.631250 -426.760500 137.213000
 5.720000 -3.797370 -429.733500 137.234000
 5.730000 39.164250 -428.413500 137.255000
 5.740000 81.824100 -422.805000 137.276000
 5.750000 123.754650 -412.954500 137.297000
 5.760000 164.535000 -398.953500 137.318000
 5.770000 203.754000 -380.931000 137.339000
 5.780000 241.017000 -359.059500 137.359000
 5.790000 275.946000 -333.552000 137.380000
 5.800000 308.187000 -304.653000 137.401000
 5.810000 337.411500 -272.646000 137.422000
 5.820000 363.321000 -237.846000 137.443000
 5.830000 385.650000 -200.593500 137.463000
 5.840000 404.167500 -161.257500 137.484000
 5.850000 418.680000 -120.226800 137.505000
 5.860000 429.033000 -77.908200 137.525000
 5.870000 435.117000 -34.722900 137.546000
 5.880000 436.860000 8.898885 137.567000
 5.890000 434.235000 52.521600 137.587000
 5.900000 427.261500 95.708850 137.608000
 5.910000 415.999500 138.027300 137.628000
 5.920000 400.552500 179.052000 137.649000
 5.930000 381.066000 218.370000 137.669000
 5.940000 357.727500 255.583500 137.690000
 5.950000 330.763500 290.316000 137.710000
 5.960000 300.433500 322.216500 137.731000
 5.970000 267.037500 350.958000 137.751000
 5.980000 230.901000 376.248000 137.771000
 5.990000 192.382500 397.825500 137.792000
 