 1 -2.4790 -0.0777 2.3798
 2 -1.1669 -3.9937 2.4193
 3 -1.9051 -0.6014 3.1764
 4 0.5475 -2.5597 2.2459
 5 -2.1449 1.5453 2.3299
 6 -2.3351 -1.4611 2.0881
 7 1.3954 1.7002 2.1340
 8 1.7556 0.3397 2.2332
 9 -1.0272 0.2082 2.2754
 10 -1.0818 0.1714 2.8474
 11 0.7065 -0.0582 2.2211
 12 3.4070 1.4644 2.5934
 13 -0.1109 -2.0546 2.1298
 14 3.8361 -0.7041 2.2039
 15 0.2247 1.0328 2.1046
 16 -4.3092 1.6045 2.7385
 17 -1.5008 0.4572 2.3737
 18 0.0747 -3.0904 2.1081
 19 -4.3134 3.1530 2.6304
 20 -0.5932 3.3307 2.0282
 21 -1.4978 -2.1415 2.7105
 22 1.6084 -1.8972 2.2545
 23 -1.7459 0.0805 2.0151
 24 -0.0011 -3.7359 2.3722
 25 3.9520 0.1706 2.5783
 26 -0.4571 0.7643 2.2466
 27 -1.5289 -1.7552 2.1293
 28 3.0090 3.1835 2.1910
 29 -0.0805 1.5191 2.1449
 30 0.5381 -0.1101 2.0940
 31 -2.6321 3.2367 2.9943
 32 2.1566 -0.4973 2.1786
 33 -1.6608 2.2085 2.2879
 34 -1.0458 1.8797 2.6811
 35 -3.4936 -3.1201 2.2916
 36 -0.7171 2.6930 2.4007
 37 1.7092 -2.7385 2.4881
 38 -3.1294 1.6985 2.1305
 39 -2.0993 2.7110 2.1329
 40 -0.7925 -1.0783 2.6591
 41 0.8214 -4.8273 2.4482
 42 4.3040 -0.4061 2.2512
 43 -0.9246 1.6676 2.1157
 44 -0.8975 -1.5582 2.6630
 45 1.2090 -0.5072 2.7388
 46 -0.3750 -1.3031 2.8336
 47 2.1287 0.9408 2.1266
 48 2.2481 0.3706 2.1033
 49 0.1052 -2.7650 2.2507
 50 -3.4486 -2.8415 2.1685
 51 -5.2069 -0.0125 2.8326
 52 2.3258 0.0495 2.1167
 53 -0.0190 -0.5847 2.2998
 54 -2.0677 0.1181 2.0825
 55 -1.3986 0.0233 2.6034
 56 0.8727 3.4710 2.2923
 57 1.0672 -0.7682 2.2125
 58 -0.3769 -2.5969 2.2558
 59 0.7946 1.5739 2.2329
 60 2.6684 1.0472 2.5270
 61 -1.5051 -1.2160 2.1831
 62 1.5463 -1.7466 3.1587
 63 3.1024 3.3570 2.6127
 64 -0.0499 -2.8694 2.2568
 65 1.0734 -1.2045 2.3534
 66 2.1653 1.5694 2.2846
 67 0.6639 -0.3690 2.9186
 68 0.2020 -2.7541 2.4249
 69 1.1261 2.6310 2.4896
 70 1.8898 -2.8250 2.0847
 71 2.6793 0.4255 2.8016
 72 -0.7274 4.5318 2.2392
 73 0.8205 1.0934 2.1017
 74 0.2333 -0.3468 2.2641
 75 -3.3878 0.4930 2.3406
 76 -1.0239 -0.6322 2.1517
 77 2.3799 -0.5086 2.1942
 78 0.2082 1.1101 2.2951
 79 -0.0721 4.3298 2.5076
 80 -1.1597 -4.7970 2.2795
 81 1.7581 2.2898 2.0591
 82 0.7713 -2.4252 2.4521
 83 -4.0983 -0.2846 2.3217
 84 2.6645 4.1301 2.5502
 85 2.6398 1.2663 2.4871
 86 1.3858 0.2989 2.3689
 87 -0.3720 0.5208 2.1761
 88 -0.9187 0.6964 2.1673
 89 -2.5354 -3.4324 2.4028
 90 -1.2444 0.8469 2.2607
 91 1.3787 -1.8204 2.0824
 92 2.5257 0.9445 2.3260
 93 0.3182 0.6203 2.0416
 94 -0.1008 0.2774 2.1819
 95 1.9890 4.2744 2.4804
 96 -1.4452 -1.7449 2.0382
 97 -0.9484 -4.5329 2.2648
 98 1.5630 0.2276 2.2347
 99 -0.7192 0.1670 2.1173
 100 0.3842 4.0675 2.6528
 101 -3.6175 -1.5806 2.0471
 102 -0.7287 -0.9907 2.1318
 103 -1.3831 -2.9722 2.0808
 104 -1.4198 -2.5702 2.1332
 105 2.0484 2.8344 3.0692
 106 0.9057 -1.2934 2.2105
 107 -0.4456 0.5492 2.5870
 108 -0.1955 -2.6267 2.3471
 109 -2.4254 1.1675 2.1719
 110 0.4773 -1.8066 2.5603
 111 4.3128 -2.9188 2.2618
 112 1.8917 1.9744 2.2244
 113 -0.6888 0.8412 2.0756
 114 0.6423 1.4657 2.3036
 115 0.5877 -1.9133 2.4004
 116 2.1855 2.0636 2.4117
 117 -1.2688 -0.6415 2.2762
 118 -0.9783 2.1604 2.5553
 119 1.3237 -3.8983 2.8670
 120 -0.0884 -0.3719 2.4825
 121 0.5208 -2.0957 2.5600
 122 1.3689 -0.0682 2.0176
 123 -0.1377 2.0660 2.6145
 124 0.4993 -0.5016 2.1378
 125 1.6829 2.7458 2.4622
 126 -0.2592 -1.0423 2.0493
 127 0.5551 1.8612 2.1821
 128 0.3330 3.1498 2.2299
 129 -2.0987 -1.4713 2.4060
 130 -2.0867 2.1277 2.2055
 131 0.2201 0.2049 2.4208
 132 1.2835 -1.3499 3.2961
 133 -1.2482 1.7624 2.0577
 134 1.3681 -0.0640 2.1118
 135 -0.4572 -1.1442 2.1233
 136 -2.1139 -0.2291 2.5751
 137 -5.2942 -0.7139 2.3419
 138 3.9994 1.4613 2.9757
 139 -2.1786 -0.6416 2.2142
 140 -1.3232 -1.5459 2.3238
 141 -2.7148 -0.5304 2.2820
 142 -0.4662 0.1536 2.4522
 143 -2.9865 1.4892 2.1938
 144 -4.1325 -0.5685 2.4022
 145 2.1003 -3.2301 2.1844
 146 -1.1767 0.8883 2.4685
 147 0.8694 -2.2654 2.4699
 148 -4.6043 0.2498 2.0664
 149 -3.3299 0.3135 2.0947
 150 1.0875 0.8839 2.1685
 151 -0.9558 0.3817 2.8697
 152 -1.0769 -0.4293 2.7600
 153 2.2246 -0.2887 2.7667
 154 0.0777 -1.4889 2.6614
 155 -4.4727 -1.2177 2.3597
 156 -1.5527 -1.1676 2.7836
 157 -2.8102 1.2763 2.9293
 158 0.2119 3.7344 2.7877
 159 0.7426 -1.2262 3.0704
 160 1.0473 0.8639 2.2028
 161 -2.5253 0.5866 2.2193
 162 -2.4140 2.0543 2.1708
 163 -1.3330 -2.3725 2.0036
 164 -1.8827 -1.2241 2.1619
 165 -2.0153 -1.8628 2.0168
 166 0.5947 3.2836 2.3424
 167 -0.5445 1.3450 2.1244
 168 -3.4110 2.4121 2.7886
 169 1.9295 -2.5167 2.2313
 170 1.4788 1.2544 2.3258
 171 0.7211 -0.3388 2.1398
 172 -1.0470 -3.3075 2.1055
 173 2.0540 -1.0645 2.4646
 174 -0.5152 -0.4449 2.3121
 175 1.1358 -2.0982 2.5821
 176 -1.4558 1.6108 2.1260
 177 -2.5052 -2.3795 2.3786
 178 1.6117 1.8560 2.1818
 179 -2.6885 1.5810 2.7480
 180 1.9786 -0.6381 2.1660
 181 1.1352 2.0725 2.0728
 182 -1.3183 0.1222 2.0458
 183 -1.1290 0.6526 2.1075
 184 -0.0755 -0.4655 2.3777
 185 0.7697 0.1120 2.1482
 186 -2.0635 -1.0031 2.1842
 187 -3.3176 3.7698 2.3319
 188 -0.6366 0.9216 2.2144
 189 0.6100 -2.5091 2.4255
 190 -0.5716 2.3015 2.6829
 191 -1.5404 0.3508 2.4648
 192 -3.7602 0.4814 2.8345
 193 1.4177 -0.1655 2.1549
 194 -2.3809 0.4475 2.3209
 195 -2.8222 -2.4405 2.4138
 196 2.6075 0.4405 2.6945
 197 0.5276 -1.3237 2.4501
 198 1.9525 1.4417 2.1875
 199 -1.9805 -0.7489 2.0515
 200 -1.6040 1.2923 2.8146
 201 0.0537 -0.1338 2.3529
 202 -2.6773 -3.1703 2.2979
 203 1.4192 2.1002 2.0052
 204 1.8210 1.5601 2.7080
 205 0.5967 1.8201 2.5563
 206 0.2135 -0.2528 2.4019
 207 1.5235 2.4076 2.7720
 208 0.1311 0.4630 2.1777
 209 -1.0378 -0.9369 2.4554
 210 -0.3302 -0.5339 2.9683
 211 2.8318 1.2256 2.5819
 212 1.8604 0.7244 2.1347
 213 -1.4879 1.2568 2.3447
 214 -0.5145 -1.5881 2.1714
 215 -1.1946 -0.6152 2.1981
 216 -1.6299 -0.6309 2.2613
 217 -0.0264 -0.4703 2.1509
 218 -0.8033 0.6306 2.5777
 219 0.2961 -1.6287 2.3021
 220 -3.0974 -3.1995 2.2740
 221 -0.1455 -2.4365 2.0959
 222 0.2183 0.1701 2.4912
 223 0.9900 0.3213 3.5980
 224 0.2010 0.5607 2.3146
 225 -1.7288 0.1630 2.2841
 226 -1.8562 1.5838 2.1219
 227 0.5193 0.3729 2.1307
 228 -4.2206 2.0253 2.5795
 229 -2.3688 2.3085 2.7240
 230 -1.3744 -1.0915 2.9129
 231 2.1999 -1.4317 2.5234
 232 3.0875 -3.9901 2.8081
 233 0.0905 0.0047 2.4040
 234 3.3384 1.6443 2.0891
 235 3.1372 -3.3591 2.4005
 236 2.4854 2.6661 2.6043
 237 1.8183 1.5344 2.8634
 238 -0.6380 1.4532 2.0709
 239 0.9436 0.2702 2.0663
 240 -2.3592 -4.1825 2.3747
 241 -2.1121 2.3222 2.9927
 242 -1.0888 0.6102 2.1175
 243 -2.2050 2.2358 2.0871
 244 2.0123 -0.0482 2.5232
 245 -2.7375 0.5915 2.2855
 246 3.0301 1.9770 2.1376
 247 0.4920 1.1978 2.7639
 248 2.1685 -5.4615 2.2060
 249 2.0737 2.7241 2.9175
 250 3.3682 1.5269 2.3575
 251 -0.5601 1.4706 2.4693
 252 1.6910 1.5847 2.7728
 253 1.1543 1.4916 2.4232
 254 -2.2586 0.0706 2.4542
 255 -1.0573 1.3213 2.4495
 256 -0.4453 -1.0313 2.1109
 257 -0.5410 2.5764 2.0494
 258 -2.6511 -2.0167 2.1368
 259 -1.5698 -2.4925 2.6520
 260 0.8343 1.2874 2.2504
 261 -0.4535 -0.9275 2.3265
 262 1.4876 -0.7789 2.6176
 263 3.6185 0.0927 2.4665
 264 1.2725 -3.3462 2.4077
 265 1.8667 1.6209 2.1833
 266 -0.2050 0.6982 2.0522
 267 -0.9824 -0.4689 2.2495
 268 -0.2221 -0.5900 3.1282
 269 -1.1292 -0.0813 2.3501
 270 -1.6090 -1.7894 2.4573
 271 -0.0116 -0.2315 2.0259
 272 0.3862 -1.5171 3.0760
 273 -1.4267 0.6967 2.5555
 274 -1.2542 0.6305 3.0076
 275 0.2542 1.0834 2.1610
 276 0.5067 3.1086 2.1647
 277 0.9352 -2.7137 2.8072
 278 -0.9796 1.3710 2.3128
 279 -0.1736 -1.3327 2.2739
 280 -4.1897 0.8306 2.1554
 281 -0.9380 -1.0121 3.2616
 282 0.5218 1.1730 2.4451
 283 -0.4439 0.3327 2.0667
 284 0.4833 0.0233 2.5129
 285 -0.2025 -0.0568 3.1527
 286 -2.4091 1.6407 2.0175
 287 -1.7397 -2.0148 2.2310
 288 1.8290 -2.3464 2.8031
 289 -0.7571 2.5037 2.1068
 290 2.6155 0.0105 3.0295
 291 2.9320 0.5258 2.1309
 292 1.8419 0.3683 2.3527
 293 2.2110 0.1422 2.1098
 294 -1.4529 -0.1025 2.2692
 295 0.2233 -0.0705 2.6661
 296 -0.6641 -0.8999 3.0520
 297 -0.2674 -4.5701 2.1340
 298 -1.5608 -0.3341 2.2545
 299 -1.2021 -0.1106 3.0868
 300 -0.7033 -0.4492 2.3500
 301 -1.5164 -2.6935 2.5739
 302 -2.5359 -0.8743 2.2825
 303 0.6620 3.7329 2.3849
 304 -3.3125 0.3358 2.0839
 305 2.2054 2.0878 2.5965
 306 0.7257 -0.3483 2.2191
 307 -0.3934 3.7311 2.9918
 308 4.0715 3.5709 2.5924
 309 0.8573 0.3813 2.7022
 310 3.5726 1.2813 2.5107
 311 1.8300 -2.3940 2.0020
 312 3.3764 0.6082 2.3284
 313 -0.3658 -1.9301 2.0459
 314 -2.8168 -0.3037 2.0057
 315 0.1639 0.4233 2.1546
 316 -1.5537 -3.9862 2.2449
 317 -0.6827 0.1283 2.3481
 318 2.5176 0.6600 2.1281
 319 -0.6951 1.2032 2.0959
 320 4.9288 0.8934 2.3404
 321 -3.0519 0.1957 3.0836
 322 0.2148 -0.9541 2.6075
 323 -0.2227 -1.5805 2.4721
 324 1.9197 -0.7358 2.3605
 325 -1.7855 -3.6792 2.2032
 326 -0.4288 -0.0158 2.6740
 327 2.1301 2.3421 2.9215
 328 -1.4482 1.2252 2.4621
 329 4.7213 -0.0044 2.4836
 330 1.5298 -0.2537 2.1085
 331 1.5081 1.1562 2.1912
 332 -1.9442 -2.8265 2.0904
 333 0.6222 1.0967 2.2617
 334 -1.5338 -1.2071 2.5887
 335 1.7782 2.0865 2.3731
 336 2.3493 -0.2153 2.1176
 337 -2.1576 0.4865 2.3616
 338 -3.2055 -0.5167 2.6784
 339 -0.9538 -0.7290 2.8689
 340 -0.1648 0.8870 2.6973
 341 -0.9581 3.5805 2.1802
 342 1.6170 2.7227 2.6354
 343 -1.8000 1.2292 2.0362
 344 0.3236 1.3736 2.0596
 345 2.3089 0.1865 2.7026
 346 0.8685 -1.2283 2.0869
 347 0.1774 -0.4650 2.7507
 348 -0.9160 1.7632 2.3750
 349 -0.1999 -1.9550 2.5734
 350 -1.0738 1.5267 3.1888
 351 -0.4498 -3.4027 2.0714
 352 0.8711 -1.5274 2.6732
 353 -1.1057 0.2210 2.0920
 354 -1.3154 -0.5823 2.6462
 355 0.7089 1.1986 2.6631
 356 -2.9427 1.6446 2.3241
 357 1.3596 0.9436 2.3178
 358 1.9193 1.0535 3.1110
 359 -0.4598 4.4404 2.2220
 360 -0.5672 -0.4506 2.5321
 361 1.4681 -1.7350 2.2586
 362 -3.1699 0.9724 2.7282
 363 0.9821 -0.8530 2.6128
 364 -0.5447 -1.8792 2.9376
 365 -0.8806 -0.5799 2.3282
 366 -1.8216 0.6774 2.8285
 367 -0.2243 2.1951 2.1572
 368 2.0914 1.4829 2.7125
 369 -0.6364 0.7301 2.8698
 370 0.5837 -2.5265 2.2323
 371 1.1508 1.9696 2.0722
 372 1.6066 -0.3802 2.4360
 373 -0.2532 -0.1256 2.9250
 374 -0.7746 1.0506 2.2453
 375 0.6677 -0.8694 2.1767
 376 -1.8746 0.1756 2.1368
 377 2.2503 -0.0758 2.9303
