 1 1.0112 997.3210 2.2418
 2 1.3958 998.0991 2.6504
 3 -0.4654 999.8242 2.0861
 4 2.3958 1002.8387 2.0212
 5 1.7325 999.1192 2.2624
 6 -0.4445 1000.9049 2.1073
 7 1.9254 998.8483 2.2674
 8 0.2282 1003.9037 2.7213
 9 -0.2938 1001.7005 2.7905
 10 1.8979 1000.3992 2.2498
 11 1.4072 995.9925 2.1666
 12 1.3416 1001.0167 2.3285
 13 -0.0936 1000.2715 2.1381
 14 -2.8897 997.8843 2.1212
 15 2.5546 998.3637 2.6246
 16 2.2350 1000.3930 2.2104
 17 2.8240 999.9671 2.7213
 18 1.0381 999.7436 2.2963
 19 -0.1292 1002.4338 2.4418
 20 -1.0607 1003.1704 2.1351
 21 -0.1266 1001.2779 2.9126
 22 -0.0252 999.7060 2.4174
 23 0.1102 1002.0085 2.9622
 24 -2.8126 1001.5006 2.3873
 25 -0.4382 1000.0180 2.1915
 26 -1.6033 1000.6526 3.0928
 27 -0.9476 1001.7727 3.2836
 28 2.4671 999.8606 2.1785
 29 0.4674 999.9722 2.8614
 30 -2.6239 998.8979 2.5429
 31 -0.0953 998.7848 2.8590
 32 -2.4882 998.3056 2.3527
 33 0.8941 1001.0728 2.1743
 34 7.2870 998.4631 2.1057
 35 1.2406 1001.1330 2.1130
 36 -1.1567 997.8848 2.1864
 37 -1.6130 997.2442 2.3387
 38 -1.6339 1000.2317 2.2823
 39 1.4367 998.7025 2.0889
 40 -3.0585 999.6335 2.2363
 41 0.5082 1002.1851 2.0138
 42 -1.9857 1002.5555 2.4106
 43 1.4800 998.0575 2.0140
 44 0.1933 998.0859 2.7353
 45 -2.1581 1000.9967 2.1236
 46 0.3315 1000.6938 2.4004
 47 -4.6250 1003.4829 2.3608
 48 0.9526 999.5067 2.5215
 49 0.7705 998.0028 2.3728
 50 2.1565 1000.5003 2.2931
 51 3.1428 999.5258 2.1800
 52 2.1973 999.2556 2.3562
 53 3.1405 995.6960 2.1996
 54 -0.4132 998.2405 2.8222
 55 -2.9194 999.1810 2.2782
 56 3.1504 1003.6765 2.3456
 57 -1.6004 999.9201 2.7042
 58 -2.7078 999.4084 2.0442
 59 -1.5548 999.5047 2.2305
 60 1.2579 1000.4674 2.5591
 61 1.3670 1003.0618 2.7549
 62 2.1408 997.0739 2.0445
 63 2.2654 1000.7362 2.1671
 64 -0.0329 999.9699 2.3163
 65 -1.4830 998.2981 2.2711
 66 1.3004 998.4806 2.0796
 67 -1.0432 1004.3362 2.2087
 68 -3.8794 1002.7121 3.0256
 69 1.7098 998.8057 2.5507
 70 -3.3981 999.1549 2.0108
 71 -1.6838 1002.1764 2.5814
 72 0.8690 1000.6027 2.1097
 73 -1.9568 1000.8745 2.1707
 74 -2.2624 1000.9306 2.1159
 75 3.0460 998.7697 2.3888
 76 1.4992 1001.4421 2.1250
 77 1.3009 998.1901 2.6897
 78 -4.5968 1001.4488 2.8718
 79 -4.9495 1002.7256 2.0930
 80 2.7191 997.7641 2.2850
 81 -1.1508 1000.6836 2.4572
 82 0.4716 1000.1602 2.6964
 83 -2.8492 998.4887 2.8031
 84 -4.2045 1000.2610 2.2644
 85 -2.1183 1000.8970 2.0174
 86 0.6029 998.6103 2.1025
 87 -2.9612 995.5033 2.0501
 88 -0.1465 1000.0627 2.8421
 89 3.8854 1000.2946 2.0853
 90 1.0808 997.9303 3.3344
 91 2.5880 1000.6432 2.6174
 92 -1.8770 1000.2922 2.6207
 93 -0.3136 1003.7905 2.5684
 94 1.2822 997.2303 2.0111
 95 -0.1734 999.1481 2.6664
 96 1.0572 1000.8410 2.0197
 97 1.8847 999.9057 2.5530
 98 -1.5916 1000.0493 2.2612
 99 1.4038 1001.3654 2.1674
 100 1.4949 1000.2074 2.4019
 101 1.4095 998.6249 2.1494
 102 -0.3513 1001.0712 2.1813
 103 -1.1272 998.0834 2.2554
 104 -3.1972 996.3950 2.4617
 105 1.8614 1000.1285 2.5405
 106 1.8797 1000.6354 2.4339
 107 1.0436 1000.7515 2.5813
 108 6.0835 1000.1899 2.4363
 109 3.4914 1000.7294 2.2206
 110 1.1970 998.3121 2.2924
 111 2.7603 1000.5582 2.4973
 112 -2.7660 1003.0337 2.0235
 113 -0.0255 1000.9599 2.5515
 114 -3.1964 996.9632 2.7734
 115 -1.3950 1000.0300 2.3891
 116 1.5467 997.9937 2.1874
 117 -0.7587 999.9738 2.5785
 118 -2.7594 998.9672 2.2554
 119 0.5406 1001.7078 2.6812
 120 -1.0368 999.5098 2.2723
 121 1.6340 1003.9658 2.0338
 122 0.3939 1003.3863 2.1490
 123 0.8502 1000.5688 2.7128
 124 -1.8193 999.0761 2.8221
 125 1.0053 1001.3227 2.1181
 126 1.3893 998.6558 2.4079
 127 1.3739 1002.6636 2.6424
 128 1.0600 1001.2768 2.2490
 129 3.2760 1002.3962 2.7104
 130 -0.3956 1000.2389 2.1216
 131 -1.7613 1001.3103 2.5999
 132 -2.1522 1000.0897 2.6865
 133 -2.3970 997.6194 2.7912
 134 -0.8361 1001.9890 2.3081
 135 -3.8174 998.3945 2.4141
 136 -0.2622 999.5583 2.5921
 137 0.1490 1000.2144 2.8490
 138 -0.8744 1000.2654 2.2760
 139 1.4608 1003.1462 2.1346
 140 2.1003 997.6803 2.3276
 141 -1.9078 1001.9456 2.0148
 142 -2.9598 996.9793 2.3247
 143 -0.6561 999.9526 2.6158
 144 -1.6158 1001.1761 2.4046
 145 1.9159 999.4543 2.1353
 146 -0.9835 997.2608 3.0236
 147 4.1978 999.2702 2.4688
 148 0.7090 1001.5436 2.4357
 149 0.2480 1002.6857 2.0322
 150 0.0243 999.8064 2.5544
 151 0.4436 1000.2180 2.3192
 152 1.5401 1001.9407 2.9742
 153 -3.2000 998.9209 2.7109
 154 0.1306 1000.2594 2.1855
 155 -2.2907 1001.3941 2.4951
 156 -1.0067 1000.6835 2.0598
 157 2.7058 999.4480 2.9331
 158 2.9406 998.8870 2.6302
 159 -2.8132 1002.7309 3.4843
 160 -0.0700 1000.2688 2.6898
 161 -0.3795 1000.0236 2.2108
 162 -0.3144 1000.6123 2.4299
 163 1.2926 1001.3155 2.0388
 164 2.8549 1002.2534 2.7272
 165 -3.5232 1000.2492 2.2012
 166 -0.7782 1000.3755 2.4758
 167 -1.8322 999.2603 2.0027
 168 1.9328 1001.6330 2.2875
 169 0.7334 1002.4147 2.2587
 170 3.9740 995.4274 2.2015
 171 0.5086 1003.0261 2.2626
 172 1.9814 1001.7988 2.4605
 173 -0.3517 999.4107 2.7240
 174 1.9702 1002.4088 2.3256
 175 -0.4608 996.6032 2.5399
 176 1.4160 997.9134 2.0758
 177 -0.3946 1001.4251 3.0218
 178 -0.3652 1003.6530 2.6211
 179 -1.0202 1001.0040 2.5689
 180 2.1211 997.9514 2.5204
 181 -0.1341 997.6977 2.0087
 182 -1.4820 1000.1970 2.1220
 183 0.9891 998.2563 2.0531
 184 3.6365 998.9769 2.8640
 185 0.2236 997.0726 2.4373
 186 -0.9572 997.5752 2.6994
 187 0.2973 1004.2415 2.1901
 188 -1.0692 999.5462 2.3050
 189 0.8859 1002.7157 2.3329
 190 2.8365 999.6677 2.6344
 191 0.5437 996.9380 2.6636
 192 2.0979 1000.8754 2.1767
 193 0.7464 995.9881 2.5884
 194 1.1682 1001.7113 2.0620
 195 -3.1180 1000.3877 2.0211
 196 -2.5133 997.4474 2.2359
 197 -0.7085 997.1858 2.3430
 198 -1.1644 999.4226 2.4308
 199 0.4441 1001.8838 2.0826
 200 2.2400 999.7497 3.1466
 201 0.5269 998.3750 2.8873
 202 -1.1328 1004.1138 2.3884
 203 1.4597 1001.5590 2.4180
 204 -2.8425 998.6625 2.4653
 205 -0.9674 1002.3585 2.5464
 206 1.1165 1001.5504 2.3911
 207 -1.4754 1000.7199 2.3696
 208 -6.3579 998.4185 2.7914
 209 -1.4213 997.3003 2.1028
 210 -1.4755 1000.9478 2.7348
 211 -0.0922 999.3969 3.4437
 212 -0.8233 998.3116 2.4731
 213 -2.1756 1000.6245 2.2576
 214 1.4737 1000.0244 3.5109
 215 -3.0629 1000.3017 2.3546
 216 -2.0675 999.3086 2.0800
 217 1.1166 1000.4941 2.1416
 218 -3.2804 996.0706 2.9430
 219 0.2794 997.1947 2.7905
 220 0.2549 999.8100 2.8702
 221 1.3127 997.1199 2.4963
 222 2.7692 997.6864 2.0751
 223 1.3713 1003.5625 2.1318
 224 -0.6195 1001.8318 2.1713
 225 -2.0948 1000.6449 2.3925
 226 0.1308 998.5437 2.4890
 227 4.7925 998.0490 2.1375
 228 -0.6246 1000.5083 2.4893
 229 1.5336 1001.6492 2.0727
 230 -4.7886 996.5716 2.9027
 231 -0.7543 1002.8761 2.3567
 232 -1.5163 1000.1430 2.7374
 233 3.4570 999.4645 2.2783
 234 -1.3374 999.2226 2.6131
 235 -3.5460 999.8111 2.7984
 236 -2.5180 1000.2412 2.0720
 237 -1.5812 1001.9066 2.3040
 238 -5.0659 997.7268 2.4580
 239 3.2761 999.3383 2.3212
 240 0.8239 1000.7116 2.1287
 241 -0.5146 998.1060 2.1357
 242 1.3550 1001.3204 2.1912
 243 -4.3623 1001.7161 2.5274
 244 -2.9865 1000.8690 2.5933
 245 1.3416 999.7842 2.3642
 246 3.3323 999.2778 2.6164
 247 -0.7299 999.7182 2.1652
 248 0.2742 1002.5661 3.2788
 249 1.1281 999.2849 2.0667
 250 1.7447 996.9379 2.3217
 251 0.0134 1001.0306 2.8473
 252 -1.9920 1000.0019 2.0573
 253 -0.2431 1000.1180 2.1957
 254 2.2472 996.9884 2.6819
 255 -2.2436 996.3905 2.4852
 256 3.1133 1001.9997 2.4181
 257 -1.3857 1002.4161 2.2404
 258 -2.1936 1000.4259 2.9728
 259 -1.8161 999.9480 2.3666
 260 -0.3332 1001.4756 2.5762
 261 2.1354 999.7745 2.0964
 262 0.8059 998.9670 2.2869
 263 1.5807 1000.9032 2.5514
 264 -1.7026 1001.1680 2.3086
 265 3.0652 1000.4356 2.3309
 266 -0.0302 1003.0724 2.6622
 267 -1.6982 1003.2299 2.8328
 268 -1.0697 999.8935 2.2104
 269 1.5225 998.2387 2.0966
 270 -0.3619 998.8087 2.4051
 271 -0.5587 1000.8602 2.0029
 272 -1.9426 994.2027 3.1222
 273 -2.5505 997.7013 2.3881
 274 0.0865 997.3279 2.5803
 275 0.3610 998.8977 2.6995
 276 -0.1242 999.8511 2.3328
 277 -3.1568 1000.3217 2.1596
 278 -0.8293 1002.0670 3.1049
 279 1.1207 998.6862 2.2857
 280 2.0265 999.8159 2.2603
 281 0.2358 998.2459 2.1080
 282 -5.3030 999.4217 2.8604
 283 -0.8870 1000.7012 2.7629
 284 -1.4224 1000.4997 2.1312
 285 -0.0342 1000.8920 2.3436
 286 0.9297 999.4004 2.7380
 287 0.9497 1003.8771 2.9619
 288 -2.2757 999.8532 2.8331
 289 -0.3126 999.7274 2.2065
 290 -0.0519 999.4038 2.4346
 291 -2.5411 1000.6465 2.1176
 292 -1.4317 1000.8564 2.2425
 293 -3.4496 1001.6077 2.2908
 294 -1.6312 1000.9790 2.4833
 295 2.2858 999.0698 2.3960
 296 -2.1654 1001.0211 2.1562
 297 -0.8873 1000.6607 2.1511
 298 1.4298 1002.9023 2.5852
 299 1.5172 1001.7871 2.2755
 300 -1.8347 997.1472 2.6426
 301 0.8573 1000.2892 2.4898
 302 0.1790 998.1994 2.2671
 303 0.3030 998.7710 2.3647
 304 -0.1106 1000.6613 2.2996
 305 2.1708 1000.2405 2.6403
 306 -0.4294 999.5258 2.3401
 307 -0.7210 999.6044 2.5254
 308 0.1424 1000.8063 2.6457
 309 -1.2270 998.4966 2.5429
 310 1.3286 999.5894 2.0148
 311 0.4016 999.7650 2.6460
 312 -0.5217 1003.2294 2.1572
 313 0.0624 1001.0535 2.1729
 314 -0.7218 1000.1624 2.2970
 315 1.2433 999.2707 2.6933
 316 -0.9954 998.1421 2.3356
 317 -0.0828 1003.2115 2.0193
 318 1.9459 1002.1039 2.3709
 319 -1.6511 1000.3020 3.0184
 320 0.5720 995.4270 2.3864
 321 -1.1076 1003.7473 2.4998
 322 1.2852 1001.3972 2.0642
 323 -1.2823 1000.5532 2.9859
 324 -2.5318 1001.5135 2.0806
 325 -0.9030 1002.3061 2.7451
 326 -1.0120 999.0252 2.1086
 327 1.1716 1001.4712 2.2046
 328 1.6709 999.8195 3.0231
 329 1.8599 999.2537 2.2469
 330 0.1191 998.3677 2.2235
 331 0.6858 1000.3668 2.8964
 332 -2.2993 1000.8069 2.2239
 333 0.8780 1003.7753 2.6216
 334 0.9095 1002.1278 2.4113
 335 -1.0469 999.0547 2.3782
 336 -4.7828 998.7936 2.0497
 337 0.2259 998.0385 2.0693
 338 -1.4941 998.5024 2.3519
 339 1.5857 997.8108 2.3867
 340 -1.0644 998.0155 2.1089
 341 -4.1581 1001.7187 2.1825
 342 0.5897 999.0226 2.1428
 343 0.0616 1000.1215 2.6348
 344 0.7537 1000.6514 2.3125
 345 2.5886 1001.3393 2.0155
 346 2.3705 999.7187 2.4052
 347 -1.7205 1000.7016 2.4327
 348 2.2859 1001.2164 2.8641
 349 1.3977 1001.1068 2.1368
 350 1.2379 998.7330 2.0648
 351 -1.2010 1000.9497 2.1997
 352 -1.8092 998.5846 2.1478
 353 -2.8440 998.8321 2.8524
 354 2.4893 999.2715 2.4962
 355 3.0704 997.4286 2.0782
 356 0.2421 997.9388 3.5351
 357 2.0147 1001.0405 2.4250
 358 -0.6224 999.6700 2.3711
 359 -0.6350 997.5435 2.4329
 360 -0.4603 1000.0523 2.6429
 361 0.2999 999.0331 2.1593
 362 1.5899 1001.7161 2.2559
 363 2.8336 1000.6665 2.0376
 364 1.1522 1002.9227 2.5542
 365 2.1583 1000.1868 2.6998
 366 -1.1347 998.8291 2.4667
 367 0.5978 998.0861 2.0010
 368 -0.4212 1003.4144 2.4135
 369 -1.1940 1000.3425 2.0418
 370 0.3470 1001.3359 2.3122
 371 -0.3476 999.1809 2.1260
 372 -0.8420 996.5203 2.3554
 373 -0.7875 1000.7241 2.0884
 374 1.7290 1000.7089 2.3604
 375 0.3544 1002.9419 2.2250
 376 -2.6791 999.2022 2.9209
 377 2.7954 998.5117 2.6257
