 1 525.663706 509.955743 0.000000
 2 523.663706 509.955743 0.320000
 3 521.663706 509.955743 0.640000
 4 519.663706 509.955743 0.960000
 5 517.663706 509.955743 1.280000
 6 515.663706 509.955743 1.600000
 7 513.663706 509.955743 1.920000
 8 511.663706 509.955743 2.240000
 9 509.663706 509.955743 2.560000
 10 507.663706 509.955743 2.880000
 11 505.663706 509.955743 3.200000
 12 503.663706 509.955743 3.520000
 13 501.663706 509.955743 3.840000
 14 499.663706 509.955743 4.160000
 15 497.663706 509.955743 4.480000
 16 495.663706 509.955743 4.800000
 17 493.663706 509.955743 5.120000
 18 491.663706 509.955743 5.440000
 19 489.663706 509.955743 5.760000
 20 487.663706 509.955743 6.080000
 21 485.663706 509.955743 6.400000
 22 483.663706 509.955743 6.720000
 23 481.663706 509.955743 7.040000
 24 479.663706 509.955743 7.360000
 25 477.663706 509.955743 7.680000
 26 475.663706 509.955743 8.000000
 27 473.663706 509.955743 8.320000
 28 471.663706 509.955743 8.640000
 29 469.663706 509.955743 8.960000
 30 467.663706 509.955743 9.280000
 31 465.663706 509.955743 9.600000
 32 463.663706 509.955743 9.920000
 33 461.663706 509.955743 10.240000
 34 459.663706 509.955743 10.560000
 35 457.663706 509.955743 10.880000
 36 455.663706 509.955743 11.200000
 37 453.663706 509.955743 11.520000
 38 451.663706 509.955743 11.840000
 39 449.663706 509.955743 12.160000
 40 447.663706 509.955743 12.480000
 41 445.663706 509.955743 12.800000
 42 443.663706 509.955743 13.120000
 43 441.663706 509.955743 13.440000
 44 439.663706 509.955743 13.760000
 45 437.663706 509.955743 14.080000
 46 435.663706 509.955743 14.400000
 47 433.663706 509.955743 14.720000
 48 431.663706 509.955743 15.040000
 49 429.663706 509.955743 15.360000
 50 427.663706 509.955743 15.680000
 51 425.663706 509.955743 16.000000
 52 423.663706 509.955743 16.320000
 53 421.663706 509.955743 16.640000
 54 419.663706 509.955743 16.960000
 55 417.663706 509.955743 17.280000
 56 415.663706 509.955743 17.600000
 57 413.663706 509.955743 17.920000
 58 411.663706 509.955743 18.240000
 59 409.663706 509.955743 18.560000
 60 407.663706 509.955743 18.880000
 61 405.663706 509.955743 19.200000
 62 403.663706 509.955743 19.520000
 63 401.663706 509.955743 19.840000
 64 398.152205 509.881356 20.160000
 65 387.232397 508.800320 20.480000
 66 376.509566 506.640333 20.800000
 67 366.089691 503.429864 21.120000
 68 356.075042 499.207729 21.440000
 69 346.563177 494.022636 21.760000
 70 337.645992 487.932630 22.080000
 71 329.408832 481.004454 22.400000
 72 321.929682 473.312820 22.720000
 73 315.278423 464.939612 23.040000
 74 309.516187 455.973013 23.360000
 75 304.694800 446.506581 23.680000
 76 300.856318 436.638276 24.000000
 77 298.032671 426.469443 24.320000
 78 296.245407 416.103779 24.640000
 79 295.505543 405.646267 24.960000
 80 295.813523 395.202121 25.280000
 81 297.159286 384.875724 25.600000
 82 299.522431 374.769583 25.920000
 83 302.872494 364.983315 26.240000
 84 307.169323 355.612664 26.560000
 85 312.363539 346.748563 26.880000
 86 318.397099 338.476255 27.200000
 87 325.203938 330.874473 27.520000
 88 332.710684 324.014693 27.840000
 89 340.837444 317.960463 28.160000
 90 349.498655 312.766821 28.480000
 91 358.603979 308.479797 28.800000
 92 368.059246 305.136014 29.120000
 93 377.767424 302.762379 29.440000
 94 387.629617 301.375887 29.760000
 95 397.546071 300.983512 30.080000
 96 407.417182 301.582208 30.400000
 97 417.144497 303.159010 30.720000
 98 426.631697 305.691233 31.040000
 99 435.785548 309.146767 31.360000
 100 444.516820 313.484465 31.680000
 101 452.741156 318.654624 32.000000
 102 460.379882 324.599540 32.320000
 103 467.360763 331.254151 32.640000
 104 473.618683 338.546739 32.960000
 105 479.096246 346.399698 33.280000
 106 483.744302 354.730363 33.600000
 107 487.522380 363.451870 33.920000
 108 490.399035 372.474068 34.240000
 109 492.352097 381.704443 34.560000
 110 493.368826 391.049070 34.880000
 111 493.445976 400.413568 35.200000
 112 492.589754 409.704050 35.520000
 113 490.815691 418.828070 35.840000
 114 488.148413 427.695538 36.160000
 115 484.621333 436.219611 36.480000
 116 480.276243 444.317544 36.800000
 117 475.162834 451.911491 37.120000
 118 469.338137 458.929254 37.440000
 119 462.865893 465.304965 37.760000
 120 455.815860 470.979704 38.080000
 121 448.263066 475.902040 38.400000
 122 440.287015 480.028491 38.720000
 123 431.970850 483.323900 39.040000
 124 423.400488 485.761731 39.360000
 125 414.663735 487.324263 39.680000
 126 405.849385 488.002707 40.000000
 127 397.046320 487.797222 40.320000
 128 388.342611 486.716845 40.640000
 129 379.824638 484.779334 40.960000
 130 371.576237 482.010914 41.280000
 131 363.677866 478.445953 41.600000
 132 356.205829 474.126549 41.920000
 133 349.231537 469.102044 42.240000
 134 342.820824 463.428470 42.560000
 135 337.033332 457.167932 42.880000
 136 331.921958 450.387931 43.200000
 137 327.532372 443.160641 43.520000
 138 323.902618 435.562146 43.840000
 139 321.062791 427.671636 44.160000
 140 319.034797 419.570590 44.480000
 141 317.832199 411.341927 44.800000
 142 317.460151 403.069167 45.120000
 143 317.915410 394.835576 45.440000
 144 319.186444 386.723332 45.760000
 145 321.253610 378.812702 46.080000
 146 324.089428 371.181253 46.400000
 147 327.658915 363.903084 46.720000
 148 331.920009 357.048116 47.040000
 149 336.824047 350.681411 47.360000
 150 342.316315 344.862568 47.680000
 151 348.336653 339.645157 48.000000
 152 354.820103 335.076236 48.320000
 153 361.697615 331.195929 48.640000
 154 368.896772 328.037080 48.960000
 155 376.342555 325.624987 49.280000
 156 383.958118 323.977208 49.600000
 157 391.665590 323.103451 49.920000
 158 399.386860 323.005550 50.240000
 159 407.044374 323.677508 50.560000
 160 414.561916 325.105633 50.880000
 161 421.865362 327.268739 51.200000
 162 428.883411 330.138433 51.520000
 163 435.548286 333.679460 51.840000
 164 441.796380 337.850125 52.160000
 165 447.568870 342.602773 52.480000
 166 452.812260 347.884322 52.800000
 167 457.478881 353.636851 53.120000
 168 461.527318 359.798232 53.440000
 169 464.922769 366.302793 53.760000
 170 467.637340 373.082020 54.080000
 171 469.650260 380.065272 54.400000
 172 470.948028 387.180519 54.720000
 173 471.524481 394.355084 55.040000
 174 471.380787 401.516385 55.360000
 175 470.525363 408.592667 55.680000
 176 468.973726 415.513723 56.000000
 177 466.748261 422.211592 56.320000
 178 463.877935 428.621221 56.640000
 179 460.397936 434.681102 56.960000
 180 456.349260 440.333857 57.280000
 181 451.778236 445.526784 57.600000
 182 446.736006 450.212341 57.920000
 183 441.277960 454.348581 58.240000
 184 435.463130 457.899519 58.560000
 185 429.353557 460.835444 58.880000
 186 423.013633 463.133152 59.200000
 187 416.509422 464.776121 59.520000
 188 409.907972 465.754609 59.840000
 189 403.276629 466.065687 60.160000
 190 396.682344 465.713196 60.480000
 191 390.191003 464.707644 60.800000
 192 383.866763 463.066029 61.120000
 193 377.771426 460.811598 61.440000
 194 371.963824 457.973550 61.760000
 195 366.499264 454.586674 62.080000
 196 361.428993 450.690940 62.400000
 197 356.799725 446.331036 62.720000
 198 352.653211 441.555865 63.040000
 199 349.025870 436.418004 63.360000
 200 345.948470 430.973129 63.680000
 201 343.445880 425.279415 64.000000
 202 341.536878 419.396917 64.320000
 203 340.234027 413.386939 64.640000
 204 339.543612 407.311397 64.960000
 205 339.465648 401.232180 65.280000
 206 339.993945 395.210521 65.600000
 207 341.116243 389.306378 65.920000
 208 342.814401 383.577840 66.240000
 209 345.064649 378.080557 66.560000
 210 347.837895 372.867192 66.880000
 211 351.100079 367.986927 67.200000
 212 354.812577 363.484995 67.520000
 213 358.932650 359.402263 67.840000
 214 363.413924 355.774869 68.160000
 215 368.206909 352.633903 68.480000
 216 373.259535 350.005150 68.800000
 217 378.517720 347.908889 69.120000
 218 383.925944 346.359749 69.440000
 219 389.427832 345.366624 69.760000
 220 394.966743 344.932655 70.080000
 221 400.486352 345.055261 70.400000
 222 405.931220 345.726239 70.720000
 223 411.247356 346.931910 71.040000
 224 416.382748 348.653330 71.360000
 225 421.287871 350.866548 71.680000
 226 425.916170 353.542908 72.000000
 227 430.224493 356.649406 72.320000
 228 434.173497 360.149082 72.640000
 229 437.728003 364.001443 72.960000
 230 440.857299 368.162929 73.280000
 231 443.535409 372.587397 73.600000
 232 445.741292 377.226626 73.920000
 233 447.458996 382.030841 74.240000
 234 448.677760 386.949241 74.560000
 235 449.392056 391.930541 74.880000
 236 449.601574 396.923499 75.200000
 237 449.311164 401.877448 75.520000
 238 448.530712 406.742804 75.840000
 239 447.274974 411.471570 76.160000
 240 445.563359 416.017804 76.480000
 241 443.419667 420.338065 76.800000
 242 440.871784 424.391830 77.120000
 243 437.951336 428.141870 77.440000
 244 434.693316 431.554592 77.760000
 245 431.135673 434.600332 78.080000
 246 427.318880 437.253612 78.400000
 247 423.285480 439.493340 78.720000
 248 419.079618 441.302970 79.040000
 249 414.746561 442.670608 79.360000
 250 410.332211 443.589069 79.680000
 251 405.882624 444.055884 80.000000
 252 401.443528 444.073258 80.320000
 253 397.059856 443.647979 80.640000
 254 392.775285 442.791280 80.960000
 255 388.631810 441.518660 81.280000
 256 384.669324 439.849654 81.600000
 257 380.925241 437.807576 81.920000
 258 377.434139 435.419215 82.240000
 259 374.227445 432.714507 82.560000
 260 371.333157 429.726173 82.880000
 261 368.775602 426.489335 83.200000
 262 366.575240 423.041115 83.520000
 263 364.748509 419.420213 83.840000
 264 363.307721 415.666480 84.160000
 265 362.260991 411.820483 84.480000
 266 361.612225 407.923068 84.800000
 267 361.361142 404.014930 85.120000
 268 361.503349 400.136185 85.440000
 269 362.030449 396.325962 85.760000
 270 362.930198 392.622007 86.080000
 271 364.186694 389.060310 86.400000
 272 365.780610 385.674753 86.720000
 273 367.689448 382.496792 87.040000
 274 369.887836 379.555164 87.360000
 275 372.347840 376.875631 87.680000
 276 375.039304 374.480757 88.000000
 277 377.930209 372.389729 88.320000
 278 380.987040 370.618207 88.640000
 279 384.175172 369.178224 88.960000
 280 387.459252 368.078120 89.280000
 281 390.803591 367.322523 89.600000
 282 394.172547 366.912360 89.920000
 283 397.530905 366.844920 90.240000
 284 400.844243 367.113943 90.560000
 285 404.079285 367.709760 90.880000
 286 407.204236 368.619452 91.200000
 287 410.189093 369.827051 91.520000
 288 413.005934 371.313769 91.840000
 289 415.629177 373.058254 92.160000
 290 418.035810 375.036865 92.480000
 291 420.205589 377.223974 92.800000
 292 422.121204 379.592275 93.120000
 293 423.768405 382.113120 93.440000
 294 425.136100 384.756847 93.760000
 295 426.216406 387.493123 94.080000
 296 427.004676 390.291290 94.400000
 297 427.499482 393.120701 94.720000
 298 427.702562 395.951054 95.040000
 299 427.618742 398.752714 95.360000
 300 427.255810 401.497023 95.680000
 301 426.624381 404.156597 96.000000
 302 425.737709 406.705593 96.320000
 303 424.611493 409.119962 96.640000
 304 423.263650 411.377679 96.960000
 305 421.714067 413.458936 97.280000
 306 419.984341 415.346317 97.600000
 307 418.097501 417.024937 97.920000
 308 416.077720 418.482549 98.240000
 309 413.950022 419.709623 98.560000
 310 411.739982 420.699393 98.880000
 311 409.473427 421.447865 99.200000
 312 407.176141 421.953801 99.520000
 313 404.873579 422.218670 99.840000
 314 402.590582 422.246564 100.160000
 315 400.351116 422.044095 100.480000
 316 398.178015 421.620256 100.800000
 317 396.092756 420.986263 101.120000
 318 394.115240 420.155373 101.440000
 319 392.263604 419.142683 101.760000
 320 390.554061 417.964911 102.080000
 321 389.000752 416.640163 102.400000
 322 387.615642 415.187687 102.720000
 323 386.408433 413.627624 103.040000
 324 385.386507 411.980748 103.360000
 325 384.554900 410.268207 103.680000
 326 383.916306 408.511266 104.000000
 327 383.471101 406.731050 104.320000
 328 383.217405 404.948303 104.640000
 329 383.151158 403.183144 104.960000
 330 383.266232 401.454849 105.280000
 331 383.554558 399.781639 105.600000
 332 384.006273 398.180487 105.920000
 333 384.609894 396.666951 106.240000
 334 385.352495 395.255018 106.560000
 335 386.219912 393.956977 106.880000
 336 387.196950 392.783316 107.200000
 337 388.267596 391.742640 107.520000
 338 389.415248 390.841617 107.840000
 339 390.622932 390.084948 108.160000
 340 391.873536 389.475366 108.480000
 341 393.150024 389.013653 108.800000
 342 394.435653 388.698685 109.120000
 343 395.714184 388.527506 109.440000
 344 396.970072 388.495411 109.760000
 345 398.188655 388.596065 110.080000
 346 399.356319 388.821626 110.400000
 347 400.460646 389.162894 110.720000
 348 401.490550 389.609476 111.040000
 349 402.436386 390.149953 111.360000
 350 403.290040 390.772068 111.680000
 351 404.044995 391.462918 112.000000
 352 404.696381 392.209144 112.320000
 353 405.240993 392.997136 112.640000
 354 405.677288 393.813225 112.960000
 355 406.005368 394.643881 113.280000
 356 406.226930 395.475899 113.600000
 357 406.345197 396.296585 113.920000
 358 406.364839 397.093918 114.240000
 359 406.291860 397.856717 114.560000
 360 406.133481 398.574780 114.880000
 361 405.898001 399.239014 115.200000
 362 405.594648 399.841542 115.520000
 363 405.233416 400.375799 115.840000
 364 404.824899 400.836596 116.160000
 365 404.380112 401.220179 116.480000
 366 403.910315 401.524250 116.800000
 367 403.426827 401.747979 117.120000
 368 402.940853 401.891991 117.440000
 369 402.463306 401.958328 117.760000
 370 402.004636 401.950394 118.080000
 371 401.574668 401.872885 118.400000
 372 401.182456 401.731690 118.720000
 373 400.836142 401.533785 119.040000
 374 400.542832 401.287105 119.360000
 375 400.308489 401.000408 119.680000
 376 400.137844 400.683123 120.000000
 377 400.034325 400.345189 120.320000
