 1 1503.8465 2002.2518 1.0333
 2 1499.6263 2002.7695 1.0365
 3 1498.0146 1998.6629 1.0806
 4 1499.6907 2000.5712 1.1829
 5 1500.9038 1997.5529 1.0141
 6 1498.6781 2000.5398 1.0266
 7 1501.2691 2001.6340 1.0010
 8 1497.5521 2003.6998 1.0548
 9 1502.7887 1998.6697 1.0902
 10 1498.4129 1998.4336 1.1519
 11 1499.9754 1999.6627 1.0557
 12 1500.5251 1999.1784 1.0340
 13 1500.0150 1999.4700 1.1355
 14 1503.1555 2001.6768 1.0452
 15 1501.1405 1999.5185 1.0209
 16 1502.2679 1998.6590 1.0941
 17 1499.8111 1998.0578 1.0735
 18 1500.7942 1997.8759 1.0427
 19 1502.3374 1999.6068 1.1200
 20 1498.4265 1999.7514 1.0210
 21 1500.9759 2000.5269 1.0356
 22 1498.9757 2002.3140 1.0927
 23 1503.7255 1993.8113 1.0821
 24 1498.2859 1996.8048 1.0242
 25 1497.9804 2001.1826 1.0480
 26 1500.6645 1997.6004 1.1690
 27 1499.7603 1997.5822 1.0291
 28 1502.4695 1997.8951 1.0541
 29 1498.4393 1999.7327 1.0025
 30 1498.0530 2003.4993 1.0640
 31 1502.2699 2000.9383 1.0533
 32 1497.5475 2002.2731 1.0244
 33 1502.3682 2000.4117 1.0132
 34 1498.4991 2000.3958 1.0145
 35 1504.6790 2001.1703 1.0249
 36 1499.5971 1997.0893 1.0470
 37 1502.5893 2000.8415 1.0659
 38 1501.6801 1999.1251 1.1335
 39 1502.2068 2000.0894 1.0867
 40 1499.1148 2000.2633 1.0199
 41 1499.1990 2000.5499 1.0287
 42 1500.2220 2000.4070 1.0601
 43 1497.8386 1998.0876 1.0391
 44 1501.6067 1996.9257 1.1274
 45 1500.2868 2000.3332 1.0114
 46 1500.6191 1998.7387 1.0259
 47 1496.6588 2000.9695 1.1000
 48 1499.7079 2004.3617 1.0057
 49 1498.2484 2000.2294 1.0297
 50 1499.8565 2000.9485 1.0516
 51 1501.3109 2001.9233 1.0331
 52 1498.0162 2002.4210 1.1220
 53 1499.2934 1996.6735 1.0223
 54 1499.9009 1999.4725 1.0247
 55 1501.3054 1997.8554 1.0021
 56 1501.6701 2004.6798 1.0507
 57 1497.6876 1995.0935 1.0478
 58 1498.8534 2001.5790 1.0794
 59 1497.6852 1997.9145 1.1941
 60 1500.5082 2001.2059 1.0799
 61 1501.7076 1997.4573 1.0072
 62 1505.4960 1999.0429 1.0403
 63 1504.0873 1998.9166 1.1091
 64 1502.9092 1998.3134 1.1047
 65 1504.0281 2000.7806 1.0989
 66 1498.6126 2000.1755 1.0742
 67 1499.5403 1999.4629 1.0358
 68 1504.3370 1998.6816 1.1139
 69 1500.2997 1997.2922 1.0633
 70 1499.7111 2000.6730 1.0775
 71 1500.7039 2002.0512 1.1615
 72 1496.0865 2002.4092 1.0896
 73 1500.4050 2000.8814 1.0589
 74 1502.7389 2001.8701 1.0104
 75 1500.3684 2001.7086 1.1298
 76 1497.3785 2000.8952 1.0070
 77 1500.2215 1997.6712 1.1527
 78 1499.9399 2000.6506 1.0918
 79 1501.7142 1999.4716 1.0527
 80 1502.2932 2000.1105 1.0326
 81 1500.4093 1998.7929 1.1173
 82 1500.0870 2002.3736 1.0841
 83 1498.9816 1999.0940 1.0554
 84 1497.9441 1996.4894 1.2097
 85 1500.0838 2003.5039 1.1492
 86 1499.2478 2001.9046 1.0205
 87 1501.6046 1998.6348 1.0211
 88 1499.3233 1998.0993 1.0586
 89 1502.3218 2000.9592 1.0441
 90 1500.9652 1999.0373 1.0540
 91 1499.1866 2001.9421 1.0038
 92 1498.9027 1997.8530 1.0296
 93 1500.1783 1999.6084 1.1053
 94 1498.9952 2000.0602 1.1485
 95 1497.0296 2001.2624 1.0070
 96 1499.5361 1999.7459 1.1692
 97 1498.7637 2000.1629 1.0416
 98 1497.8602 2000.3030 1.0571
 99 1495.9101 2001.5937 1.0203
 100 1501.4750 2001.9930 1.1371
 101 1501.1112 1998.8789 1.0952
 102 1500.7695 2000.4567 1.0495
 103 1500.4116 1999.8566 1.1250
 104 1499.2052 1997.1700 1.0008
 105 1502.1709 2000.2433 1.1723
 106 1499.7419 1999.5535 1.0364
 107 1497.5908 2002.3843 1.0017
 108 1498.5502 2000.5333 1.0829
 109 1501.1765 2000.1495 1.1707
 110 1494.6674 2004.8604 1.1051
 111 1501.2376 1999.8245 1.0411
 112 1497.6715 1999.6644 1.0371
 113 1499.5369 1999.1451 1.0354
 114 1500.2277 1998.6063 1.1178
 115 1501.5842 2000.3749 1.1248
 116 1497.4479 2001.5131 1.0346
 117 1498.4127 2000.1849 1.0370
 118 1503.0538 1994.6639 1.1303
 119 1502.1532 1998.0489 1.0553
 120 1497.8212 1998.0952 1.0432
 121 1501.6013 1997.5832 1.0027
 122 1497.8401 1999.0310 1.2274
 123 1496.8598 1995.8317 1.0670
 124 1497.7227 2001.2700 1.1134
 125 1500.7352 1999.5927 1.0423
 126 1501.5515 1997.8141 1.0153
 127 1503.3248 1998.1331 1.0021
 128 1495.6780 1999.9695 1.0386
 129 1495.9157 2001.5469 1.0071
 130 1496.4338 1995.9349 1.1219
 131 1496.7075 2000.4352 1.0368
 132 1495.9301 1999.5368 1.0161
 133 1508.0658 1999.9318 1.0440
 134 1499.0124 2000.8508 1.0390
 135 1502.3453 2001.0623 1.1283
 136 1496.6374 2001.7813 1.0719
 137 1497.7644 1999.3002 1.0163
 138 1502.0009 1999.2988 1.1128
 139 1499.7958 1998.9584 1.0009
 140 1502.3179 2001.0099 1.1832
 141 1498.6123 1997.8224 1.0638
 142 1500.1560 2000.2433 1.0814
 143 1496.9870 1996.0964 1.0391
 144 1499.4050 1997.0119 1.1244
 145 1495.9408 2001.5137 1.0012
 146 1505.4332 2001.3490 1.1350
 147 1498.8322 2000.7698 1.0090
 148 1499.7731 2000.1571 1.2747
 149 1501.2537 2000.8936 1.0067
 150 1500.3331 2000.9359 1.0114
 151 1497.3907 1996.4627 1.0511
 152 1503.2108 1996.6197 1.0774
 153 1500.7019 2000.6505 1.1055
 154 1500.9401 2001.7384 1.0380
 155 1499.8592 2004.2804 1.0071
 156 1500.0870 1995.7875 1.1534
 157 1498.9963 2000.1585 1.1390
 158 1497.6060 2001.0851 1.1156
 159 1500.1847 1996.2650 1.0847
 160 1501.6678 1992.8876 1.0372
 161 1501.8911 2002.1478 1.1224
 162 1497.3268 2002.7272 1.0766
 163 1499.1474 2000.5433 1.0252
 164 1498.7874 2003.1299 1.1253
 165 1497.7739 1999.7594 1.0004
 166 1502.1118 2001.5722 1.1015
 167 1498.5017 2001.6124 1.0345
 168 1498.5492 2000.5995 1.0603
 169 1500.5295 1999.6954 1.0911
 170 1500.3122 1997.0671 1.0783
 171 1497.8613 2000.4808 1.0083
 172 1497.5467 2001.6348 1.2055
 173 1499.4904 2002.5433 1.0753
 174 1498.6765 1998.6568 1.0652
 175 1502.7759 2002.8705 1.1061
 176 1498.5517 2001.6559 1.0390
 177 1501.2274 1999.0642 1.0256
 178 1499.7832 1997.1463 1.0612
 179 1499.4364 2003.0593 1.0741
 180 1498.5741 1997.4784 1.0733
 181 1502.3991 1998.1836 1.1556
 182 1501.0654 1998.6897 1.0811
 183 1499.9800 1998.9924 1.0225
 184 1498.1526 1997.2327 1.0208
 185 1498.0362 1997.4805 1.0950
 186 1501.1388 1997.8372 1.0085
 187 1498.7818 2000.8078 1.1244
 188 1499.2055 1998.0631 1.1368
 189 1503.4004 1998.5703 1.1649
 190 1500.5611 1997.8982 1.0490
 191 1499.6073 2002.0109 1.0424
 192 1501.7048 2000.9498 1.0993
 193 1499.7330 2001.3037 1.0381
 194 1497.6913 1997.2659 1.1556
 195 1501.0278 1998.3679 1.0603
 196 1497.5980 1999.8708 1.0556
 197 1501.2247 1995.5960 1.0123
 198 1502.7463 1999.6669 1.1163
 199 1500.5214 1999.7874 1.0248
 200 1499.8807 2002.0367 1.1314
 201 1501.0099 1997.5896 1.1087
 202 1498.5804 2001.9551 1.0358
 203 1499.3312 2000.5450 1.0336
 204 1499.3194 2002.6822 1.0132
 205 1500.1947 1997.2200 1.0231
 206 1498.9762 2000.6148 1.0742
 207 1500.0136 2000.2777 1.0203
 208 1500.8143 2001.1348 1.1171
 209 1499.1564 1999.1132 1.0437
 210 1502.4138 1997.5329 1.0574
 211 1501.9914 1996.8758 1.0317
 212 1500.0248 2000.9018 1.1515
 213 1500.5417 1998.4408 1.1463
 214 1501.5605 2001.5922 1.0243
 215 1503.7124 2002.3838 1.0563
 216 1496.1885 1999.6496 1.0582
 217 1500.9872 1996.9287 1.0122
 218 1497.2282 1999.0321 1.1716
 219 1502.3866 2001.8994 1.1035
 220 1499.1095 1998.2856 1.0155
 221 1498.8201 1998.6259 1.0447
 222 1498.3365 1998.7590 1.1801
 223 1496.9594 1998.7539 1.1305
 224 1502.2916 1999.2430 1.2372
 225 1498.9495 2002.1277 1.0752
 226 1498.7957 1996.6144 1.0195
 227 1496.9177 1999.0727 1.0530
 228 1498.7403 2000.8468 1.1057
 229 1497.1500 1999.1474 1.0482
 230 1497.9473 2000.3512 1.0277
 231 1497.8554 2000.8119 1.0924
 232 1499.5649 1999.4334 1.0629
 233 1504.4194 1999.5681 1.0350
 234 1496.9229 1998.1379 1.2217
 235 1501.9478 2001.4221 1.1411
 236 1500.9517 1999.2782 1.0154
 237 1501.7822 2001.4667 1.0400
 238 1498.5447 2001.5222 1.0313
 239 1500.4523 1999.2443 1.1190
 240 1497.8735 2001.0450 1.0217
 241 1498.2970 1999.0599 1.1059
 242 1499.4823 1996.7112 1.0448
 243 1500.9098 2001.4822 1.0451
 244 1503.0651 1999.7755 1.0791
 245 1500.5153 2001.3700 1.0722
 246 1498.7841 1999.2299 1.0671
 247 1500.0018 1998.6595 1.0281
 248 1496.3866 1998.8362 1.0463
 249 1503.7333 1998.5542 1.1099
 250 1498.4640 1996.8163 1.0251
 251 1502.2065 2000.6364 1.2421
 252 1500.0932 2000.0526 1.0216
 253 1499.8215 1997.5353 1.0657
 254 1496.8280 2002.0708 1.0235
 255 1498.4031 1998.2379 1.1176
 256 1498.8153 1999.4446 1.1431
 257 1502.6880 2000.6260 1.0554
 258 1501.7843 1995.8018 1.0671
 259 1496.5072 1998.8424 1.0200
 260 1501.5566 1997.8713 1.0307
 261 1500.0014 2000.3608 1.0154
 262 1498.8907 1999.3210 1.0246
 263 1498.6880 2001.0057 1.0863
 264 1500.6210 2000.8937 1.0553
 265 1495.6130 1998.8048 1.0716
 266 1497.0036 2004.2026 1.0339
 267 1497.3383 1998.5413 1.1567
 268 1498.6012 2001.1598 1.0043
 269 1502.2141 2000.5914 1.1839
 270 1498.2848 2002.5853 1.0366
 271 1501.4403 2001.2113 1.0784
 272 1504.2488 1996.4097 1.0757
 273 1500.7500 2000.5244 1.0232
 274 1504.1292 2000.5855 1.0416
 275 1501.0585 2000.1976 1.0587
 276 1498.4134 1999.1871 1.0025
 277 1501.9059 1997.1302 1.0943
 278 1499.2156 1999.0987 1.0072
 279 1497.6633 2003.9782 1.0823
 280 1500.4623 1998.2308 1.0417
 281 1502.4067 2001.2341 1.1348
 282 1500.0929 1999.6067 1.0138
 283 1501.4776 1996.4729 1.0021
 284 1495.7202 1998.6277 1.0430
 285 1503.2527 1999.1097 1.0753
 286 1500.4749 2003.5885 1.0404
 287 1499.3454 2003.2015 1.0227
 288 1500.5768 2001.1749 1.0577
 289 1499.6661 1999.3025 1.0176
 290 1496.3102 2000.8108 1.0311
 291 1497.4925 2000.5840 1.0480
 292 1499.3251 1998.9322 1.1184
 293 1499.8199 1998.5859 1.0939
 294 1502.8588 2001.4906 1.0827
 295 1500.8052 1999.4963 1.0435
 296 1499.4924 2002.6344 1.0153
 297 1498.0652 2001.0656 1.0396
 298 1498.7854 1996.0742 1.0756
 299 1499.3416 1999.1139 1.0581
 300 1500.8274 2003.6831 1.1185
 301 1500.7161 2000.3784 1.1157
 302 1494.0727 2001.8118 1.0457
 303 1497.4576 1999.3971 1.0115
 304 1498.8918 2003.2480 1.1196
 305 1498.7528 2002.0202 1.1762
 306 1502.7443 1998.8397 1.1368
 307 1500.3475 2000.6223 1.0386
 308 1499.0864 2001.8973 1.2114
 309 1495.6161 2001.7782 1.0723
 310 1499.9019 2001.4909 1.0218
 311 1501.0748 2000.3629 1.1121
 312 1499.6377 1998.1938 1.0942
 313 1500.9048 2000.6255 1.0156
 314 1497.2751 1999.5214 1.0959
 315 1498.9020 2000.7732 1.0855
 316 1502.9638 1997.3976 1.0568
 317 1498.1500 1997.9582 1.0225
 318 1497.1820 2002.3315 1.2729
 319 1496.9493 2002.0941 1.0029
 320 1499.1616 2001.2654 1.0237
 321 1499.7350 1996.9371 1.0644
 322 1501.8976 1999.9739 1.1956
 323 1501.1467 1997.9781 1.0751
 324 1500.2140 1998.7790 1.1050
 325 1497.7730 1999.8444 1.0616
 326 1495.1917 2001.5676 1.1078
 327 1499.0633 2001.6583 1.0378
 328 1496.4814 2002.2363 1.1011
 329 1500.9363 1998.2027 1.0107
 330 1501.6062 2003.1339 1.1053
 331 1495.1775 2000.2400 1.0492
 332 1499.5483 2000.9426 1.0306
 333 1502.7204 2000.3933 1.0673
 334 1494.6381 1997.3681 1.0522
 335 1498.9138 1997.8154 1.0535
 336 1502.8783 2000.7826 1.0139
 337 1500.7936 1998.4984 1.0051
 338 1499.7188 1999.7548 1.2245
 339 1500.0414 2001.7772 1.0547
 340 1497.3975 2001.7954 1.0125
 341 1503.5196 2002.4439 1.1894
 342 1497.7158 2001.1400 1.1590
 343 1503.7639 2002.1436 1.0015
 344 1500.3385 1997.9442 1.1626
 345 1499.5483 2001.1042 1.0114
 346 1497.5983 1999.3934 1.0679
 347 1499.7490 2001.5315 1.0381
 348 1501.1025 1999.2903 1.1188
 349 1501.4034 1996.5029 1.0749
 350 1500.9754 2001.2922 1.0657
 351 1500.6474 2003.1947 1.0582
 352 1498.4916 1998.9744 1.0828
 353 1499.9417 1997.9255 1.0122
 354 1502.6839 1998.7262 1.0911
 355 1500.0283 1997.5023 1.0539
 356 1502.7741 2000.3243 1.0052
 357 1501.1884 2003.5741 1.0078
 358 1497.8861 1999.3099 1.1595
 359 1502.2921 1998.0642 1.2303
 360 1500.4499 2000.5867 1.0952
 361 1498.7550 1997.1547 1.0890
 362 1498.8200 1997.8098 1.0093
 363 1499.3648 1997.7894 1.0522
 364 1497.9030 2001.9650 1.0580
 365 1499.6743 2003.1056 1.0168
 366 1498.9693 1998.7082 1.0834
 367 1498.6417 1998.5451 1.0659
 368 1500.9046 1999.1451 1.0582
 369 1501.2709 2000.2248 1.0894
 370 1497.3282 2001.0581 1.1265
 371 1503.2855 2001.7746 1.1032
 372 1496.7782 1998.5538 1.0176
 373 1499.2208 1994.0650 1.0753
 374 1501.0872 2000.3751 1.0567
 375 1500.1142 2002.7433 1.0330
 376 1502.5399 2000.7448 1.1493
 377 1498.0960 2001.0609 1.0646
