 1 1003.2040 1.4766 2.3875
 2 998.7895 -1.8105 2.3527
 3 999.0939 -3.0125 2.1639
 4 1000.6888 0.1868 3.1786
 5 1000.5502 -1.0860 2.3638
 6 998.6055 -2.1108 2.9759
 7 998.7080 -2.3532 2.2159
 8 1002.1966 -2.4571 2.6535
 9 998.5161 0.1361 2.8094
 10 999.5225 -0.9486 2.2053
 11 1000.1306 -1.4788 2.7043
 12 997.3864 0.7806 2.0350
 13 1000.5019 0.2163 2.1657
 14 1000.6070 1.1241 2.1067
 15 1001.3604 -4.0796 2.2946
 16 1001.6801 -2.2278 2.2477
 17 998.5977 2.2375 2.6253
 18 1002.6962 1.5249 2.2766
 19 998.6411 0.9226 2.3995
 20 1000.2533 -2.9374 2.0764
 21 999.7633 -1.7035 2.1681
 22 999.2165 -3.6530 2.3568
 23 998.3985 -0.1943 2.1038
 24 1002.7213 0.1981 2.2266
 25 999.0876 -0.0456 2.2951
 26 998.9317 0.4739 2.9224
 27 999.2954 -0.6438 2.3387
 28 999.6493 -4.0598 3.0034
 29 997.4518 2.4471 2.3584
 30 1000.0333 -1.9051 2.0737
 31 1001.8157 0.9636 2.2265
 32 1001.4951 0.4594 2.7116
 33 999.2389 0.6371 2.0423
 34 998.4163 1.3259 2.2927
 35 1003.0590 -0.9078 2.2853
 36 998.9094 -0.4001 2.4595
 37 998.5685 -5.9034 2.0822
 38 997.7496 0.7579 2.2184
 39 1000.7360 -2.1080 2.1574
 40 998.9618 -0.0144 2.2382
 41 1000.4681 3.2213 2.5286
 42 997.6001 0.1717 2.8647
 43 1002.3793 0.6249 2.9200
 44 1004.7706 -0.7228 2.3756
 45 1000.8791 -1.6424 2.3856
 46 1002.5819 2.7334 2.2180
 47 996.2467 -0.9122 2.3382
 48 1001.7065 6.1866 2.1518
 49 1001.2267 -2.7664 2.1638
 50 997.1774 3.8142 2.4856
 51 1005.8403 1.6660 2.1864
 52 999.1457 1.7487 2.5786
 53 998.8084 -0.7416 2.0652
 54 1000.9904 3.7540 2.6083
 55 997.8250 -1.4063 2.3876
 56 1001.4122 0.4159 3.3209
 57 998.2427 -0.5576 2.8446
 58 998.5725 1.5805 2.1237
 59 1000.1810 1.2634 2.1251
 60 1000.6058 -1.9577 2.0373
 61 1002.8624 -0.4651 2.9983
 62 1001.6844 -4.0758 2.3966
 63 1000.1836 1.0677 2.1857
 64 1003.1949 -1.5162 3.1207
 65 1003.1438 3.6900 2.5053
 66 1000.1977 -0.8858 2.2501
 67 999.7228 0.4311 2.3998
 68 997.4349 -0.2695 2.0366
 69 1000.9303 -0.0962 2.3771
 70 1001.7445 -1.4385 2.0083
 71 995.7159 -1.8968 2.1083
 72 1003.2146 -3.4650 2.6031
 73 1001.4561 0.2520 2.2410
 74 996.7105 -0.1381 2.2437
 75 999.1257 -1.1438 2.4566
 76 999.9527 -1.1357 2.3321
 77 999.8757 -1.1599 2.0121
 78 1000.8704 -2.7082 2.0010
 79 999.1362 -1.4458 2.1394
 80 1004.7841 0.1907 2.2870
 81 1001.1595 -3.3058 2.2995
 82 1000.0672 -3.7750 2.0767
 83 1003.3684 -2.5893 2.2355
 84 998.9103 4.6191 2.1677
 85 997.8651 1.4820 2.5808
 86 998.1533 -3.6420 2.5792
 87 993.1119 -3.6755 2.0012
 88 997.9614 5.6479 2.0924
 89 1002.5254 0.6964 2.9298
 90 997.1674 0.3526 2.2514
 91 998.7330 -0.2467 2.4522
 92 1002.8582 -0.3436 2.2260
 93 997.9751 -0.1791 2.8499
 94 999.4825 -1.4172 2.2986
 95 999.6282 4.1133 2.2495
 96 1002.0026 -0.7572 2.4459
 97 999.2187 -6.2115 2.3842
 98 998.0849 -3.5187 2.0333
 99 998.3688 -2.3500 2.3132
 100 1003.3113 -2.0616 2.6531
 101 997.5681 2.5229 2.0421
 102 1000.4827 -1.5028 2.3666
 103 1000.4884 -3.3269 2.3884
 104 1002.1505 2.3127 2.6814
 105 1002.7757 0.0349 2.4301
 106 999.0559 0.2499 2.1662
 107 1003.5267 1.0693 2.5482
 108 1000.0693 -0.3365 2.6552
 109 1001.5512 0.4654 2.1459
 110 998.1965 2.8166 2.1296
 111 1001.8126 -1.6758 2.2675
 112 1000.4418 2.8362 2.9760
 113 997.9810 -1.3963 2.2896
 114 999.7089 -1.0365 2.1901
 115 1000.0038 0.2487 2.3583
 116 996.9664 -0.8342 2.2435
 117 999.7518 -0.3000 2.9544
 118 1001.4270 -1.2923 2.4381
 119 1000.2817 1.9165 2.0165
 120 1000.0304 0.9126 2.4338
 121 1000.6668 1.7293 2.1549
 122 998.1782 -2.7614 2.3457
 123 998.4777 -0.8970 2.5504
 124 996.9916 1.3930 2.1772
 125 997.0671 3.2700 2.3388
 126 1000.7773 3.4877 2.1742
 127 997.4945 -2.3613 2.2838
 128 999.8380 -3.1839 2.2415
 129 996.0892 -0.2209 2.6246
 130 997.1614 2.2424 2.4358
 131 1003.3010 -2.4884 2.0233
 132 1000.1683 0.4202 2.6081
 133 1003.0852 0.0889 2.6032
 134 997.5918 -0.4622 2.4609
 135 997.0464 -1.6632 2.4782
 136 1002.1905 -0.8314 2.3306
 137 999.0415 -0.6618 2.0890
 138 997.1809 -0.3575 2.5686
 139 1002.8804 -1.0959 2.4115
 140 998.3121 3.6302 2.3306
 141 997.2695 -0.0229 2.0133
 142 1003.3872 2.0337 2.0642
 143 1000.1096 0.7356 2.7050
 144 1004.1760 0.5896 2.0270
 145 998.9973 0.4418 2.1827
 146 1003.2261 2.1162 2.2794
 147 1001.1910 -1.9062 2.5678
 148 1002.6737 -0.1438 3.4434
 149 997.0678 0.0855 2.6607
 150 999.7699 -2.7776 2.2205
 151 1003.4865 0.3466 2.0336
 152 999.4776 -1.8099 2.9844
 153 998.4511 -0.8024 2.1954
 154 1001.6428 2.6059 2.6801
 155 1000.1432 2.7914 2.0710
 156 999.0984 2.2933 2.5504
 157 998.1148 1.3653 2.4505
 158 1001.1703 2.3832 2.9837
 159 999.6294 -1.3816 2.0899
 160 1000.1477 3.1157 2.1525
 161 1002.0011 0.3167 2.6096
 162 1001.2750 -5.0162 2.2820
 163 999.4539 3.1120 2.2036
 164 998.7406 -0.8523 2.1592
 165 997.4734 1.8397 2.3444
 166 999.8804 -2.1713 2.3376
 167 998.4049 -0.5743 2.4797
 168 1002.0683 0.6202 3.6470
 169 998.6569 -0.7979 2.1194
 170 996.4970 -1.3344 2.4894
 171 998.3039 -1.0972 2.4617
 172 1000.4716 -2.7737 2.0395
 173 998.0895 3.1944 2.9395
 174 1001.6512 1.8200 2.1603
 175 997.1878 -5.1364 2.3469
 176 1001.5872 1.1607 2.5266
 177 1005.4223 0.3827 2.5037
 178 998.9865 -1.1450 2.0834
 179 999.2688 -1.8905 2.5558
 180 1000.8730 -3.9894 2.0870
 181 999.2782 2.0840 2.5774
 182 1001.9677 0.6677 2.2146
 183 1001.6872 -1.2690 2.7031
 184 998.8609 1.4921 2.0994
 185 1001.6147 2.9197 2.5223
 186 998.6627 -3.8108 2.8948
 187 997.2235 3.2309 2.8683
 188 1000.0193 -1.3857 2.6423
 189 1001.8431 1.6756 2.2678
 190 1001.7889 -2.7052 2.9682
 191 999.6869 0.6293 2.5385
 192 997.9603 0.4168 2.2149
 193 1001.4886 -0.3972 2.4082
 194 997.2995 -0.5223 2.8510
 195 999.6295 0.9863 2.2905
 196 1000.3491 2.9530 2.7502
 197 999.3543 0.4451 2.5539
 198 1001.3406 -1.1480 2.1515
 199 999.5258 -1.7815 2.6960
 200 997.8209 1.2146 2.0067
 201 1001.4098 -2.2317 2.6777
 202 998.9627 -2.0441 2.5438
 203 999.9496 1.4748 2.0680
 204 999.0411 -0.0681 2.2396
 205 1002.2373 -0.0102 2.2143
 206 998.0523 -3.2695 2.6767
 207 997.8117 2.8018 2.3557
 208 1002.8077 -1.2513 2.6343
 209 999.9483 -0.6315 2.6539
 210 999.9050 4.4080 2.2641
 211 1003.1978 -1.8792 2.2852
 212 998.8396 -1.4892 2.1060
 213 1000.9663 1.6541 2.5183
 214 999.0642 1.7512 2.1065
 215 1000.8936 -0.6258 2.4308
 216 1002.0245 2.8765 2.3351
 217 1002.3402 1.0439 2.0886
 218 1002.0273 -1.2201 2.5262
 219 1000.5948 2.2951 2.4119
 220 996.3011 -2.8393 2.1721
 221 1000.0100 2.7418 2.6328
 222 997.6392 1.0367 2.9491
 223 1001.2175 0.0037 3.1208
 224 998.0256 -1.1725 2.3032
 225 1002.1974 -3.1149 2.1175
 226 996.3313 1.1952 2.9307
 227 997.9737 -2.3994 2.6349
 228 1000.9456 -1.5696 2.6633
 229 1001.7805 2.4393 2.2325
 230 1000.3368 -1.0018 3.0056
 231 1000.3099 -0.1898 2.1241
 232 1001.6392 -1.0710 2.1977
 233 999.8962 2.0572 2.4562
 234 1004.0680 1.4921 3.0688
 235 1003.6759 0.4123 2.8698
 236 998.1054 1.7589 2.9227
 237 1001.7538 1.4318 2.0437
 238 999.5272 2.4816 2.6576
 239 1000.8159 -0.5456 3.0124
 240 998.0167 2.8539 2.1870
 241 1002.6150 0.9417 2.1579
 242 998.6338 0.0242 2.0739
 243 999.6186 -0.0332 2.1316
 244 999.3401 2.1741 2.2687
 245 1001.5616 -0.7745 2.1675
 246 1000.5395 1.1530 2.5944
 247 999.8816 -0.1940 2.2522
 248 996.9263 1.0632 2.5328
 249 1002.4873 3.7117 2.0220
 250 1002.4886 -0.7378 2.1154
 251 998.1120 0.4759 2.1906
 252 999.3863 2.3501 2.0710
 253 999.9566 -1.0211 2.8028
 254 998.8632 -1.7877 2.5245
 255 999.5068 1.7546 2.8403
 256 997.8997 -0.6174 2.0748
 257 1004.1517 3.2749 2.9450
 258 999.4759 -0.3938 2.5569
 259 1000.0412 -3.1117 2.1549
 260 1000.4061 -0.7975 2.0578
 261 1002.0180 1.0522 2.1005
 262 1001.2125 3.1406 2.2561
 263 1002.4642 -0.2249 2.3979
 264 999.0474 -0.8116 2.5193
 265 996.0346 -1.2452 2.2843
 266 998.0617 3.4571 2.3623
 267 998.8240 2.0965 2.9298
 268 1000.0165 -0.9705 2.2547
 269 998.1686 0.3079 2.0441
 270 1000.8631 0.4112 2.6608
 271 999.1844 -2.0547 2.9220
 272 1003.3932 -2.4288 2.0971
 273 1001.2257 2.2765 2.1789
 274 999.6609 -2.4658 3.1805
 275 997.9681 0.9564 2.0832
 276 999.3147 0.1827 2.7629
 277 999.5518 -0.3174 2.6311
 278 1000.5121 0.1039 2.3958
 279 999.8368 0.6075 2.1752
 280 1000.9463 0.1254 2.3535
 281 1004.2875 -2.1308 2.0070
 282 998.0775 -1.3280 2.7845
 283 997.9464 1.2445 2.1308
 284 1000.9955 -0.5945 2.0812
 285 997.0857 0.4970 2.6627
 286 999.8085 -0.4583 2.1184
 287 1001.4020 2.0445 2.0979
 288 1002.1471 1.9891 2.2428
 289 997.7572 -1.1395 2.3188
 290 997.7862 0.1681 2.7113
 291 1001.9844 0.1027 2.4376
 292 1002.4113 -4.5166 2.5812
 293 999.3644 3.1443 2.7712
 294 998.8748 -3.2083 2.0133
 295 1000.3360 0.8190 2.6260
 296 997.8335 0.8813 2.0099
 297 997.4370 -0.6652 2.5229
 298 998.1356 -1.6706 3.0106
 299 1002.8928 1.5623 2.2434
 300 1001.8969 0.4844 2.0501
 301 998.4838 -3.1376 2.0300
 302 1000.2572 0.8745 2.0057
 303 1003.8611 1.0319 2.4845
 304 1000.3420 1.0970 2.7570
 305 997.2571 1.2364 2.4702
 306 1000.3930 -0.6027 2.6522
 307 998.4539 -1.5553 2.9847
 308 999.5480 -0.5184 2.4819
 309 1000.6783 -1.6765 2.0765
 310 998.1665 1.6407 2.6526
 311 997.8349 -2.8642 2.3271
 312 1002.9529 0.3510 2.3537
 313 996.2413 -0.9967 2.0384
 314 1001.9978 0.0968 2.3106
 315 1002.8805 1.5347 2.6390
 316 1001.6674 -1.1168 2.4343
 317 1001.8583 -0.5951 2.2434
 318 1000.4550 0.3775 2.4194
 319 1000.9802 -2.0575 2.5630
 320 998.4585 3.0569 2.0706
 321 999.3391 0.1518 2.4506
 322 1000.1042 -1.2392 2.5101
 323 999.2487 -1.5494 2.1004
 324 1000.7358 1.5073 2.2297
 325 1000.9565 -0.0737 3.1207
 326 1001.4389 -2.4586 2.5064
 327 1002.5376 -2.2802 2.6641
 328 997.3473 0.0919 2.1430
 329 999.2783 -1.5229 2.5580
 330 999.7724 1.8302 2.5290
 331 1000.2998 1.5613 2.2806
 332 999.6020 -0.8888 2.1917
 333 1001.8684 -0.5928 2.3219
 334 999.3380 -1.3458 2.7988
 335 1000.6628 -0.5886 2.1809
 336 1001.1891 -1.3424 2.7534
 337 1003.5264 -1.0836 2.2837
 338 1001.4650 -0.4115 2.6437
 339 1001.4788 -1.6879 2.3334
 340 1002.5583 -1.0537 2.0905
 341 1001.7318 -0.8306 2.2680
 342 1002.7707 -0.3638 2.6894
 343 998.5794 0.6568 2.5032
 344 1000.6390 -1.3817 2.2241
 345 999.2306 -2.6594 2.3519
 346 1002.4111 -3.2573 2.2749
 347 998.7108 1.1345 2.2234
 348 1000.1497 -2.4310 2.1934
 349 1000.2709 -0.5328 2.1128
 350 1001.1011 -4.3168 2.1530
 351 999.4297 2.7837 2.0617
 352 999.8766 -1.6096 2.3396
 353 996.2753 -0.0987 2.3315
 354 999.2173 -1.1954 2.5787
 355 998.7161 -3.2436 2.2246
 356 998.2078 -1.6708 2.2646
 357 996.0532 1.3808 2.3922
 358 997.7130 -1.9682 2.5755
 359 1001.4244 0.5564 2.3862
 360 996.6342 0.4550 2.3410
 361 1002.4604 -1.8430 2.4636
 362 999.2498 -1.3702 2.1913
 363 1001.5404 -0.2625 2.2355
 364 1000.5517 0.6974 2.4377
 365 999.7279 3.3131 2.3308
 366 1000.6076 -2.4739 2.4888
 367 999.9901 -3.2255 2.4990
 368 999.9211 -1.5753 2.0227
 369 1000.1769 -1.3361 2.2645
 370 1002.1775 -0.9062 2.5113
 371 997.7389 -3.1019 2.3629
 372 1001.0247 -4.8238 2.8158
 373 999.2036 2.0625 2.1982
 374 1000.8315 2.3714 2.5455
 375 1001.7545 -0.2072 2.3963
 376 1001.2455 3.2338 2.1690
 377 1000.1455 -0.6639 2.2023
