 1 515.453530 274.336294 0.000000
 2 515.453530 276.336294 0.320000
 3 515.453530 278.336294 0.640000
 4 515.453530 280.336294 0.960000
 5 515.453530 282.336294 1.280000
 6 515.453530 284.336294 1.600000
 7 515.453530 286.336294 1.920000
 8 515.453530 288.336294 2.240000
 9 515.453530 290.336294 2.560000
 10 515.453530 292.336294 2.880000
 11 515.453530 294.336294 3.200000
 12 515.453530 296.336294 3.520000
 13 515.453530 298.336294 3.840000
 14 515.453530 300.336294 4.160000
 15 515.453530 302.336294 4.480000
 16 515.453530 304.336294 4.800000
 17 515.453530 306.336294 5.120000
 18 515.453530 308.336294 5.440000
 19 515.453530 310.336294 5.760000
 20 515.453530 312.336294 6.080000
 21 515.453530 314.336294 6.400000
 22 515.453530 316.336294 6.720000
 23 515.453530 318.336294 7.040000
 24 515.453530 320.336294 7.360000
 25 515.453530 322.336294 7.680000
 26 515.453530 324.336294 8.000000
 27 515.453530 326.336294 8.320000
 28 515.453530 328.336294 8.640000
 29 515.453530 330.336294 8.960000
 30 515.453530 332.336294 9.280000
 31 515.453530 334.336294 9.600000
 32 515.453530 336.336294 9.920000
 33 515.453530 338.336294 10.240000
 34 515.453530 340.336294 10.560000
 35 515.453530 342.336294 10.880000
 36 515.453530 344.336294 11.200000
 37 515.453530 346.336294 11.520000
 38 515.453530 348.336294 11.840000
 39 515.453530 350.336294 12.160000
 40 515.453530 352.336294 12.480000
 41 515.453530 354.336294 12.800000
 42 515.453530 356.336294 13.120000
 43 515.453530 358.336294 13.440000
 44 515.453530 360.336294 13.760000
 45 515.453530 362.336294 14.080000
 46 515.453530 364.336294 14.400000
 47 515.453530 366.336294 14.720000
 48 515.453530 368.336294 15.040000
 49 515.453530 370.336294 15.360000
 50 515.453530 372.336294 15.680000
 51 515.453530 374.336294 16.000000
 52 515.453530 376.336294 16.320000
 53 515.453530 378.336294 16.640000
 54 515.453530 380.336294 16.960000
 55 515.453530 382.336294 17.280000
 56 515.453530 384.336294 17.600000
 57 515.453530 386.336294 17.920000
 58 515.453530 388.336294 18.240000
 59 515.453530 390.336294 18.560000
 60 515.453530 392.336294 18.880000
 61 515.453530 394.336294 19.200000
 62 515.453530 396.336294 19.520000
 63 515.453530 398.336294 19.840000
 64 515.378366 401.940235 20.160000
 65 514.260640 413.408366 20.480000
 66 512.009404 424.673118 20.800000
 67 508.654040 435.623097 21.120000
 68 504.234813 446.150737 21.440000
 69 498.802398 456.153353 21.760000
 70 492.417313 465.534147 22.080000
 71 485.149248 474.203140 22.400000
 72 477.076312 482.078035 22.720000
 73 468.284198 489.084994 23.040000
 74 458.865275 495.159332 23.360000
 75 448.917621 500.246106 23.680000
 76 438.544003 504.300606 24.000000
 77 427.850816 507.288745 24.320000
 78 416.946996 509.187331 24.640000
 79 405.942902 509.984236 24.960000
 80 394.949211 509.678444 25.280000
 81 384.075796 508.279995 25.600000
 82 373.430629 505.809817 25.920000
 83 363.118714 502.299442 26.240000
 84 353.241046 497.790626 26.560000
 85 343.893624 492.334864 26.880000
 86 335.166522 485.992813 27.200000
 87 327.143015 478.833620 27.520000
 88 319.898793 470.934180 27.840000
 89 313.501246 462.378306 28.160000
 90 308.008843 453.255851 28.480000
 91 303.470597 443.661760 28.800000
 92 299.925642 433.695089 29.120000
 93 297.402896 423.457977 29.440000
 94 295.920843 413.054607 29.760000
 95 295.487412 402.590139 30.080000
 96 296.099968 392.169653 30.400000
 97 297.745406 381.897091 30.720000
 98 300.400356 371.874221 31.040000
 99 304.031481 362.199628 31.360000
 100 308.595881 352.967745 31.680000
 101 314.041587 344.267932 32.000000
 102 320.308143 336.183613 32.320000
 103 327.327271 328.791475 32.640000
 104 335.023611 322.160744 32.960000
 105 343.315526 316.352540 33.280000
 106 352.115962 311.419318 33.600000
 107 361.333363 307.404397 33.920000
 108 370.872622 304.341589 34.240000
 109 380.636059 302.254925 34.560000
 110 390.524423 301.158477 34.880000
 111 400.437899 301.056290 35.200000
 112 410.277118 301.942407 35.520000
 113 419.944148 303.800999 35.840000
 114 429.343474 306.606592 36.160000
 115 438.382940 310.324394 36.480000
 116 446.974651 314.910707 36.800000
 117 455.035827 320.313429 37.120000
 118 462.489601 326.472639 37.440000
 119 469.265749 333.321254 37.760000
 120 475.301351 340.785754 38.080000
 121 480.541370 348.786970 38.400000
 122 484.939148 357.240919 38.720000
 123 488.456820 366.059682 39.040000
 124 491.065625 375.152320 39.360000
 125 492.746138 384.425809 39.680000
 126 493.488389 393.785991 40.000000
 127 493.291900 403.138533 40.320000
 128 492.165619 412.389871 40.640000
 129 490.127760 421.448153 40.960000
 130 487.205554 430.224148 41.280000
 131 483.434903 438.632123 41.600000
 132 478.859961 446.590683 41.920000
 133 473.532623 454.023558 42.240000
 134 467.511947 460.860328 42.560000
 135 460.863507 467.037097 42.880000
 136 453.658678 472.497078 43.200000
 137 445.973881 477.191117 43.520000
 138 437.889769 481.078128 43.840000
 139 429.490386 484.125447 44.160000
 140 420.862294 486.309094 44.480000
 141 412.093679 487.613949 44.800000
 142 403.273456 488.033839 45.120000
 143 394.490360 487.571528 45.440000
 144 385.832061 486.238619 45.760000
 145 377.384282 484.055371 46.080000
 146 369.229955 481.050426 46.400000
 147 361.448406 477.260456 46.720000
 148 354.114582 472.729727 47.040000
 149 347.298334 467.509595 47.360000
 150 341.063750 461.657932 47.680000
 151 335.468554 455.238492 48.000000
 152 330.563580 448.320216 48.320000
 153 326.392309 440.976501 48.640000
 154 322.990492 433.284423 48.960000
 155 320.385855 425.323926 49.280000
 156 318.597879 417.176996 49.600000
 157 317.637674 408.926817 49.920000
 158 317.507937 400.656920 50.240000
 159 318.202990 392.450341 50.560000
 160 319.708909 384.388784 50.880000
 161 322.003731 376.551807 51.200000
 162 325.057748 369.016041 51.520000
 163 328.833862 361.854439 51.840000
 164 333.288030 355.135567 52.160000
 165 338.369763 348.922956 52.480000
 166 344.022692 343.274496 52.800000
 167 350.185186 338.241904 53.120000
 168 356.791020 333.870254 53.440000
 169 363.770081 330.197576 53.760000
 170 371.049113 327.254534 54.080000
 171 378.552482 325.064181 54.400000
 172 386.202962 323.641792 54.720000
 173 393.922528 322.994775 55.040000
 174 401.633151 323.122666 55.360000
 175 409.257589 324.017207 55.680000
 176 416.720157 325.662490 56.000000
 177 423.947484 328.035194 56.320000
 178 430.869226 331.104881 56.640000
 179 437.418759 334.834371 56.960000
 180 443.533813 339.180175 57.280000
 181 449.157065 344.092996 57.600000
 182 454.236675 349.518276 57.920000
 183 458.726757 355.396798 58.240000
 184 462.587793 361.665329 58.560000
 185 465.786972 368.257294 58.880000
 186 468.298460 375.103482 59.200000
 187 470.103599 382.132770 59.520000
 188 471.191027 389.272863 59.840000
 189 471.556724 396.451035 60.160000
 190 471.203989 403.594869 60.480000
 191 470.143331 410.632990 60.800000
 192 468.392298 417.495776 61.120000
 193 465.975231 424.116047 61.440000
 194 462.922954 430.429722 61.760000
 195 459.272396 436.376441 62.080000
 196 455.066161 441.900137 62.400000
 197 450.352041 446.949566 62.720000
 198 445.182477 451.478780 63.040000
 199 439.613988 455.447535 63.360000
 200 433.706551 458.821653 63.680000
 201 427.522963 461.573299 64.000000
 202 421.128175 463.681207 64.320000
 203 414.588609 465.130827 64.640000
 204 407.971472 465.914406 64.960000
 205 401.344065 466.031001 65.280000
 206 394.773097 465.486413 65.600000
 207 388.324016 464.293067 65.920000
 208 382.060357 462.469812 66.240000
 209 376.043114 460.041669 66.560000
 210 370.330147 457.039508 66.880000
 211 364.975628 453.499676 67.200000
 212 360.029531 449.463570 67.520000
 213 355.537160 444.977163 67.840000
 214 351.538745 440.090489 68.160000
 215 348.069084 434.857091 68.480000
 216 345.157247 429.333436 68.800000
 217 342.826340 423.578314 69.120000
 218 341.093337 417.652211 69.440000
 219 339.968970 411.616674 69.760000
 220 339.457690 405.533679 70.080000
 221 339.557689 399.464985 70.400000
 222 340.260990 393.471519 70.720000
 223 341.553591 387.612752 71.040000
 224 343.415680 381.946120 71.360000
 225 345.821899 376.526452 71.680000
 226 348.741665 371.405449 72.000000
 227 352.139542 366.631181 72.320000
 228 355.975656 362.247650 72.640000
 229 360.206156 358.294377 72.960000
 230 364.783703 354.806056 73.280000
 231 369.657995 351.812251 73.600000
 232 374.776318 349.337159 73.920000
 233 380.084108 347.399419 74.240000
 234 385.525536 346.011992 74.560000
 235 391.044089 345.182093 74.880000
 236 396.583157 344.911183 75.200000
 237 402.086616 345.195029 75.520000
 238 407.499393 346.023810 75.840000
 239 412.768020 347.382285 76.160000
 240 417.841161 349.250021 76.480000
 241 422.670111 351.601656 76.800000
 242 427.209263 354.407228 77.120000
 243 431.416541 357.632535 77.440000
 244 435.253780 361.239539 77.760000
 245 438.687077 365.186803 78.080000
 246 441.687080 369.429963 78.400000
 247 444.229233 373.922213 78.720000
 248 446.293969 378.614825 79.040000
 249 447.866844 383.457669 79.360000
 250 448.938623 388.399748 79.680000
 251 449.505306 393.389734 80.000000
 252 449.568099 398.376499 80.320000
 253 449.133335 403.309640 80.640000
 254 448.212345 408.139986 80.960000
 255 446.821267 412.820092 81.280000
 256 444.980822 417.304702 81.600000
 257 442.716035 421.551185 81.920000
 258 440.055923 425.519944 82.240000
 259 437.033134 429.174778 82.560000
 260 433.683569 432.483213 82.880000
 261 430.045960 435.416782 83.200000
 262 426.161431 437.951270 83.520000
 263 422.073044 440.066898 83.840000
 264 417.825319 441.748471 84.160000
 265 413.463760 442.985465 84.480000
 266 409.034364 443.772075 84.800000
 267 404.583141 444.107203 85.120000
 268 400.155633 443.994403 85.440000
 269 395.796454 443.441779 85.760000
 270 391.548833 442.461830 86.080000
 271 387.454193 441.071257 86.400000
 272 383.551741 439.290729 86.720000
 273 379.878097 437.144608 87.040000
 274 376.466951 434.660636 87.360000
 275 373.348757 431.869602 87.680000
 276 370.550461 428.804968 88.000000
 277 368.095281 425.502483 88.320000
 278 366.002515 421.999774 88.640000
 279 364.287408 418.335920 88.960000
 280 362.961047 414.551029 89.280000
 281 362.030321 410.685792 89.600000
 282 361.497907 406.781056 89.920000
 283 361.362314 402.877391 90.240000
 284 361.617967 399.014666 90.560000
 285 362.255327 395.231646 90.880000
 286 363.261060 391.565603 91.200000
 287 364.618239 388.051945 91.520000
 288 366.306583 384.723878 91.840000
 289 368.302724 381.612092 92.160000
 290 370.580506 378.744481 92.480000
 291 373.111313 376.145893 92.800000
 292 375.864405 373.837925 93.120000
 293 378.807287 371.838745 93.440000
 294 381.906082 370.162964 93.760000
 295 385.125911 368.821541 94.080000
 296 388.431283 367.821733 94.400000
 297 391.786484 367.167083 94.720000
 298 395.155957 366.857448 95.040000
 299 398.504681 366.889069 95.360000
 300 401.798534 367.254676 95.680000
 301 405.004639 367.943632 96.000000
 302 408.091691 368.942104 96.320000
 303 411.030269 370.233277 96.640000
 304 413.793106 371.797587 96.960000
 305 416.355350 373.612984 97.280000
 306 418.694777 375.655214 97.600000
 307 420.791987 377.898127 97.920000
 308 422.630549 380.313990 98.240000
 309 424.197129 382.873823 98.560000
 310 425.481566 385.547734 98.880000
 311 426.476924 388.305260 99.200000
 312 427.179497 391.115711 99.520000
 313 427.588789 393.948506 99.840000
 314 427.707451 396.773505 100.160000
 315 427.541185 399.561327 100.480000
 316 427.098624 402.283658 100.800000
 317 426.391172 404.913535 101.120000
 318 425.432818 407.425615 101.440000
 319 424.239934 409.796418 101.760000
 320 422.831038 412.004546 102.080000
 321 421.226545 414.030875 102.400000
 322 419.448499 415.858713 102.720000
 323 417.520293 417.473936 103.040000
 324 415.466380 418.865085 103.360000
 325 413.311974 420.023434 103.680000
 326 411.082756 420.943026 104.000000
 327 408.804570 421.620675 104.320000
 328 406.503134 422.055940 104.640000
 329 404.203752 422.251066 104.960000
 330 401.931036 422.210894 105.280000
 331 399.708646 421.942744 105.600000
 332 397.559045 421.456278 105.920000
 333 395.503268 420.763328 106.240000
 334 393.560721 419.877708 106.560000
 335 391.748996 418.815014 106.880000
 336 390.083712 417.592392 107.200000
 337 388.578386 416.228308 107.520000
 338 387.244329 414.742298 107.840000
 339 386.090570 413.154713 108.160000
 340 385.123808 411.486465 108.480000
 341 384.348394 409.758760 108.800000
 342 383.766339 407.992850 109.120000
 343 383.377355 406.209775 109.440000
 344 383.178915 404.430117 109.760000
 345 383.166343 402.673775 110.080000
 346 383.332931 400.959735 110.400000
 347 383.670067 399.305874 110.720000
 348 384.167399 397.728768 111.040000
 349 384.813002 396.243531 111.360000
 350 385.593568 394.863667 111.680000
 351 386.494610 393.600948 112.000000
 352 387.500671 392.465319 112.320000
 353 388.595543 391.464824 112.640000
 354 389.762491 390.605560 112.960000
 355 390.984480 389.891651 113.280000
 356 392.244395 389.325257 113.600000
 357 393.525264 388.906598 113.920000
 358 394.810472 388.634007 114.240000
 359 396.083961 388.504007 114.560000
 360 397.330427 388.511405 114.880000
 361 398.535497 388.649410 115.200000
 362 399.685890 388.909769 115.520000
 363 400.769567 389.282916 115.840000
 364 401.775851 389.758140 116.160000
 365 402.695535 390.323758 116.480000
 366 403.520966 390.967304 116.800000
 367 404.246105 391.675722 117.120000
 368 404.866566 392.435558 117.440000
 369 405.379631 393.233166 117.760000
 370 405.784241 394.054897 118.080000
 371 406.080969 394.887296 118.400000
 372 406.271965 395.717291 118.720000
 373 406.360886 396.532364 119.040000
 374 406.352802 397.320727 119.360000
 375 406.254086 398.071469 119.680000
 376 406.072288 398.774700 120.000000
 377 405.815995 399.421671 120.320000
