 1 1003.7317 1000.8273 2.1852
 2 1000.7334 1000.0581 2.4088
 3 998.0763 999.5341 2.7259
 4 997.4375 1002.2481 2.3844
 5 996.3095 1002.8899 2.5597
 6 999.3649 1002.8571 2.6703
 7 1000.6310 1000.9778 2.8171
 8 1000.7964 999.4547 2.1422
 9 1000.6065 998.9094 2.0061
 10 999.3111 1000.9453 2.5351
 11 1001.5228 1000.4639 2.1480
 12 999.6526 999.4093 2.2531
 13 1000.1326 998.9906 2.2462
 14 1000.9145 1000.7651 2.0645
 15 1000.8224 999.1559 2.1363
 16 998.0549 996.9988 2.3392
 17 1001.3209 999.0214 2.1462
 18 996.8180 998.7724 2.5322
 19 1000.1031 998.5320 2.0680
 20 998.1900 1001.3622 2.0358
 21 1000.5724 1002.1268 2.5999
 22 1000.1836 997.4899 2.1019
 23 997.2501 1004.6417 2.1818
 24 1000.2102 1001.4797 2.1145
 25 997.4809 1000.4189 3.4774
 26 1003.0005 1001.3906 2.1664
 27 997.2987 1000.9366 2.1572
 28 1000.2211 999.1760 2.0929
 29 999.0384 1002.4078 2.4854
 30 998.0476 1000.8768 2.0866
 31 1003.8697 998.3531 2.1934
 32 997.4441 1000.7108 2.5105
 33 1003.3520 998.9098 2.7220
 34 999.5660 998.6084 2.7726
 35 1001.3603 1002.4023 2.4130
 36 999.1734 1000.3290 2.3189
 37 1001.3843 1002.5360 2.9009
 38 1000.9150 998.2993 2.5576
 39 1003.5693 1001.8826 2.1979
 40 999.3716 998.1597 2.4535
 41 1000.1718 998.2797 2.5052
 42 1002.9729 1002.2299 2.0588
 43 997.4488 999.8509 2.6035
 44 1000.8381 1003.1262 2.4834
 45 999.1248 996.1715 2.0542
 46 998.0534 998.8850 2.0476
 47 999.0964 1000.9875 2.4233
 48 1001.1672 995.6228 2.4562
 49 1001.4571 999.8910 2.7725
 50 999.6661 998.1095 2.0096
 51 999.2124 1002.6965 2.0512
 52 1002.1674 999.9203 2.1261
 53 999.0989 998.5899 2.6800
 54 1000.5922 1004.3966 2.9449
 55 999.1497 1000.0089 2.2848
 56 998.4799 1004.8619 2.0743
 57 998.6813 1002.6901 2.4213
 58 1002.2781 998.2357 2.0244
 59 1002.5700 1002.2346 2.2931
 60 1002.5470 998.0052 2.2075
 61 1001.8793 998.9731 2.2866
 62 998.6074 999.6916 2.4249
 63 998.8739 996.7709 2.1753
 64 997.7273 997.1749 2.1413
 65 997.2249 999.0020 2.3140
 66 998.1453 998.4177 3.1028
 67 997.4843 1000.2206 2.9473
 68 1000.8676 999.4401 2.1734
 69 999.8158 999.9305 2.0301
 70 998.7159 997.6410 2.0687
 71 997.8089 1001.6911 3.2493
 72 996.9055 995.4142 2.2645
 73 998.3959 997.5670 2.2314
 74 1000.8340 1001.2369 2.2620
 75 997.3890 999.9431 2.1173
 76 1000.2459 1001.6184 2.1043
 77 1000.9191 999.4604 2.2616
 78 997.6802 998.1123 2.4603
 79 998.0827 1001.0162 2.1795
 80 1002.3597 1000.6135 2.5340
 81 996.8697 1000.5973 2.0237
 82 996.2277 1003.5554 2.0811
 83 999.1068 998.1423 2.0898
 84 996.3676 1000.7187 2.4518
 85 997.9129 999.3713 2.0427
 86 995.8732 999.4065 2.1413
 87 1001.9075 998.5721 2.1213
 88 998.9932 998.1201 2.3952
 89 996.8487 997.3119 2.4486
 90 1001.1696 1002.6187 2.1383
 91 999.7425 1000.8057 2.6027
 92 998.7525 1000.3624 3.5502
 93 998.6295 1000.7637 2.7929
 94 1002.0351 996.2522 2.1346
 95 998.8153 998.4818 2.9868
 96 1002.1778 1000.1901 2.7601
 97 1002.8132 1004.2152 2.0976
 98 1002.2005 1004.5005 2.2542
 99 998.2123 1001.2693 2.1987
 100 997.6972 1001.3793 2.4390
 101 999.0170 1000.2239 2.3266
 102 1001.4024 999.2546 2.1652
 103 1002.2886 998.9420 2.4786
 104 998.1007 1002.3232 2.4616
 105 1000.5724 1000.9261 2.2075
 106 1000.3279 1002.7848 2.7171
 107 997.8081 999.5447 2.2906
 108 998.8608 997.6375 2.0278
 109 1002.9175 1000.1152 2.7513
 110 996.4071 1000.0430 2.7075
 111 995.8272 1001.5101 2.7091
 112 1001.0467 1004.6138 2.6117
 113 1003.8811 1002.1775 2.3035
 114 1000.7970 999.3704 3.0934
 115 997.2040 997.3007 2.6787
 116 1001.8441 999.6900 2.4152
 117 1002.5341 999.7772 2.0372
 118 1000.1706 999.8787 2.1975
 119 1003.8664 999.1487 2.1344
 120 1000.7416 997.1607 2.4123
 121 1000.9084 1000.1351 2.4140
 122 998.7651 996.2028 2.1594
 123 1001.6552 1000.6645 2.4957
 124 1002.4871 1001.0476 2.1993
 125 996.9214 998.3400 2.1486
 126 997.5732 1000.2667 2.1911
 127 998.7528 1000.7455 2.3974
 128 1002.5327 1000.4097 2.7662
 129 999.1207 999.2220 2.3661
 130 999.3530 1003.8441 2.7619
 131 1002.3590 999.3977 2.3982
 132 1000.0325 1002.1911 2.1693
 133 998.1533 1000.1649 2.2170
 134 1000.3153 999.1260 2.3638
 135 997.5107 1001.6215 2.0045
 136 1001.3741 999.0461 2.3863
 137 996.1978 1004.4704 2.8732
 138 999.7570 998.5077 2.0813
 139 1002.2010 1001.2123 2.1727
 140 999.1425 998.2078 2.1197
 141 1000.4374 1001.5961 2.5545
 142 1000.6629 1001.3530 2.5969
 143 996.0681 999.8172 2.0301
 144 1000.9036 997.6744 2.2403
 145 997.6149 999.6549 2.2982
 146 1001.8249 999.6578 2.8759
 147 998.4692 1000.2156 2.6270
 148 1001.1840 1000.1677 2.0454
 149 998.9906 1001.8844 2.2601
 150 994.9979 1000.8254 2.3954
 151 1000.4019 996.3981 2.6318
 152 1001.2869 999.8495 2.7448
 153 1000.5204 1000.4446 2.3801
 154 1000.5119 996.3278 2.3608
 155 1001.0826 996.4521 2.4091
 156 1001.0283 997.0152 2.2220
 157 1002.1410 1001.2034 2.4397
 158 996.9755 998.7327 2.5287
 159 998.4800 1000.9398 2.2734
 160 1000.0505 999.4868 2.0685
 161 1001.2164 1002.1147 2.6708
 162 1000.4994 999.5675 2.2571
 163 998.5244 996.2180 2.0717
 164 1000.3044 1001.0751 2.0842
 165 996.5917 999.3900 2.0304
 166 1000.7721 1001.3923 2.6186
 167 996.8848 998.9921 2.0825
 168 998.9940 1001.2582 2.2510
 169 999.7490 999.6469 2.7489
 170 1003.9884 997.9931 2.3324
 171 999.9397 999.3860 2.3496
 172 1002.6556 1000.9395 2.3735
 173 1000.6229 998.2269 2.2678
 174 996.4323 1002.5999 2.0279
 175 996.0197 1001.3916 2.2077
 176 1002.0088 1000.2613 2.3725
 177 1004.2434 999.1022 2.0007
 178 1000.9815 1003.2838 2.0763
 179 1003.6340 997.5658 2.1310
 180 999.6439 997.3089 2.1648
 181 998.1818 999.6871 2.1856
 182 1001.9479 999.9138 2.4437
 183 1000.2736 997.9102 2.2122
 184 1000.0795 1000.0290 2.1381
 185 1003.6076 998.2757 2.2473
 186 996.7050 1002.4067 2.6553
 187 997.6916 1001.1294 2.4359
 188 999.8061 1003.3714 2.3880
 189 999.3708 1001.4217 2.1177
 190 1000.3659 1001.7624 2.3107
 191 1000.6928 1001.2166 2.3890
 192 999.4255 997.6878 2.0735
 193 1001.6605 998.9340 2.2172
 194 997.9909 998.3662 2.3939
 195 1001.2369 1000.4814 2.3143
 196 1000.5367 999.2354 2.2107
 197 999.5588 999.0928 2.1295
 198 1000.4604 999.0824 2.5313
 199 999.4344 1002.9898 2.5321
 200 999.8909 997.0351 2.4328
 201 998.9622 1001.8604 2.4397
 202 997.5264 1004.9478 2.0589
 203 1001.9207 997.9080 2.1056
 204 997.9675 998.9718 2.6134
 205 1000.0815 1001.0273 2.0423
 206 1006.5934 999.0326 2.1640
 207 998.0810 1001.0471 2.2045
 208 999.3582 998.8180 2.2514
 209 996.7463 997.9057 2.6484
 210 1001.4049 997.2865 2.1543
 211 1001.1049 1004.7486 2.5548
 212 1001.7051 998.6637 2.0768
 213 1001.3227 999.7513 2.1765
 214 999.0863 1000.3125 2.1451
 215 999.6184 998.4977 2.1333
 216 1001.7358 1003.5433 2.1250
 217 998.3410 1005.2292 2.4587
 218 997.1118 999.1972 2.1554
 219 997.8247 1001.5124 3.3307
 220 999.7754 1001.3422 2.3860
 221 997.5241 995.9224 2.4623
 222 1000.8529 1001.8324 2.5351
 223 1001.1814 997.0866 2.0694
 224 1002.7878 999.8771 2.4960
 225 999.5030 994.6562 2.9610
 226 1000.9897 999.1731 2.5689
 227 999.3515 998.5321 2.0651
 228 1000.2627 998.7853 2.6634
 229 998.8184 997.3545 2.3232
 230 1000.4411 1004.1984 2.6119
 231 1002.2038 999.3431 2.4040
 232 998.9255 1000.3082 3.0415
 233 997.6204 1002.7561 2.2654
 234 999.6759 998.4902 2.5227
 235 999.9723 999.3402 2.2510
 236 1003.6505 1000.5878 2.1181
 237 998.5137 1000.4831 2.9013
 238 1005.3141 1002.0682 2.1308
 239 998.0695 1002.5335 2.8348
 240 999.4314 1000.9573 2.0254
 241 1000.4870 1000.1482 2.2174
 242 998.5839 998.8033 2.7114
 243 998.3684 999.0875 2.4798
 244 998.8202 1002.7567 2.0598
 245 998.9052 1000.2852 2.2281
 246 1001.9819 998.7545 2.7953
 247 998.7742 1000.7846 2.3143
 248 1002.3764 1000.7390 2.4435
 249 997.2405 1006.0507 2.4261
 250 998.9918 1002.1007 2.4299
 251 1000.7515 1002.7864 2.6327
 252 1001.1759 1000.3018 2.1424
 253 999.6638 999.1545 2.3786
 254 1001.0990 1000.4718 2.0706
 255 1002.1938 1002.7976 2.4361
 256 1003.2292 1002.4444 2.1614
 257 1001.7515 998.9873 2.8091
 258 998.4896 1001.2846 2.5554
 259 999.4165 997.9686 2.2378
 260 997.2257 1001.1159 2.0579
 261 999.7214 996.2931 2.6016
 262 1001.8695 999.6491 2.0030
 263 999.2248 999.2971 2.5100
 264 998.4306 997.7912 2.7610
 265 1002.6623 1002.0523 2.1846
 266 1001.0093 1002.5314 2.1270
 267 1002.5261 1001.1959 2.4245
 268 996.9964 1001.0649 3.4253
 269 998.3932 1002.5364 2.6191
 270 1006.7069 1000.2460 2.9308
 271 1000.3127 999.1521 2.4429
 272 996.4159 1002.3612 2.0317
 273 999.1062 1004.1230 2.5731
 274 1001.4888 1000.1974 2.1584
 275 1000.2156 997.3366 2.4353
 276 999.4033 1000.1956 2.1381
 277 999.3870 1001.1832 2.3018
 278 1001.4450 1000.5409 2.7044
 279 1005.3714 1001.6096 2.3228
 280 1000.0156 998.3099 2.0056
 281 998.5831 1004.0345 3.0355
 282 1000.6820 1000.7582 2.5696
 283 1000.8865 997.8872 2.6263
 284 1001.9791 999.0503 2.2717
 285 997.9583 999.8943 2.5901
 286 1001.6242 998.4744 2.2814
 287 1001.7461 1003.8750 2.0487
 288 1000.4772 999.9280 2.7095
 289 1001.0351 999.6133 2.4881
 290 995.5233 998.0438 2.9225
 291 999.8485 999.6830 3.0005
 292 998.2211 1000.4273 2.4782
 293 997.2525 1002.4303 2.7230
 294 998.5303 1000.6240 3.1012
 295 1001.9612 996.5733 2.2714
 296 1001.5536 995.5354 2.8536
 297 1000.7479 999.5068 2.6593
 298 1000.7738 1005.7275 2.1570
 299 1005.7359 997.2630 2.6560
 300 998.6077 997.1826 2.0900
 301 997.7812 997.2631 2.1546
 302 1002.3719 997.1897 3.5241
 303 1002.8624 1001.8912 2.1440
 304 996.9799 1001.1758 2.7842
 305 1000.8226 999.6243 2.5706
 306 998.8105 998.6725 2.3061
 307 998.8395 1000.6569 2.8087
 308 998.9403 1001.3280 2.6534
 309 997.7640 1000.8990 2.2968
 310 1000.5951 1000.0352 2.6180
 311 1003.9059 1000.7297 2.2504
 312 1002.0453 998.9827 2.6587
 313 999.9081 1001.9287 2.6254
 314 999.8631 998.5516 2.0897
 315 1001.9558 1003.6939 2.2771
 316 999.5282 1000.9578 2.1137
 317 998.4410 999.8338 2.2558
 318 998.9826 1000.6269 2.9790
 319 999.9950 999.2184 2.5823
 320 996.5969 996.7743 2.2695
 321 997.8180 995.0875 2.4136
 322 995.9834 1000.0877 2.2779
 323 1002.6813 1002.4370 2.7894
 324 996.8228 999.4490 2.6998
 325 1000.0448 999.1680 2.0652
 326 999.2945 1004.1389 2.3744
 327 999.2393 998.0880 2.8962
 328 997.4290 1003.3433 2.1864
 329 998.3086 996.2319 2.7978
 330 1001.9629 997.9936 2.3600
 331 1000.2321 1004.0626 2.3352
 332 998.9601 999.8439 2.4762
 333 1003.3664 998.5134 2.0724
 334 1002.3850 1000.0006 2.1027
 335 1002.4541 999.1388 3.0197
 336 998.3107 1002.6859 2.6855
 337 1001.2815 998.6236 2.3073
 338 998.2418 1003.3694 2.1772
 339 1004.8477 1001.8419 2.4850
 340 998.6267 998.8307 2.1442
 341 997.8978 1002.6217 2.0510
 342 1000.2246 997.6483 2.2918
 343 998.4347 999.4575 2.7017
 344 1002.3426 1000.5613 2.3317
 345 1002.5569 998.5426 2.0683
 346 998.2094 1000.4407 2.0977
 347 1002.2250 998.0928 2.3725
 348 1000.4381 1003.1718 3.0756
 349 998.2283 1002.3013 2.8597
 350 1001.7050 1001.5123 2.2366
 351 1000.9984 1000.1406 2.1126
 352 1002.0679 1002.0238 2.5531
 353 1000.2136 1001.7616 2.1819
 354 1001.3541 1002.3363 2.3748
 355 997.9719 996.5088 2.1075
 356 999.8037 1001.9794 2.2099
 357 1001.8782 1003.2100 2.4842
 358 1000.3829 996.3678 2.1039
 359 998.3427 1002.4401 2.4597
 360 1000.4371 1000.7671 2.3729
 361 1003.4053 999.2373 2.2578
 362 1000.5919 998.1834 2.1291
 363 1000.7285 998.1341 2.5308
 364 1001.1903 999.7430 2.1675
 365 996.4691 999.5606 2.1496
 366 1004.1902 1001.6204 2.5355
 367 1001.8356 1000.4319 2.0097
 368 998.6824 999.0692 2.1298
 369 1001.9304 1003.3452 2.8485
 370 1001.4613 1000.4667 2.3690
 371 996.4962 1000.4931 2.2711
 372 1000.5698 1001.6668 2.2835
 373 1002.0415 1000.2225 2.5940
 374 1001.6133 995.8463 2.3453
 375 1004.1269 998.6858 2.2872
 376 997.5529 999.8713 2.4162
 377 1003.2306 1007.2357 3.1452
